Important Times
Start time in PST: 2023-08-31 09:37:24.432888-07:00 
End time in PST: 2023-08-31 09:46:51.954538-07:00 
-------------------------------------------------------

HITS
All Hit took times
Average hits response time: 47.72666666666667 
Median hits response time: 14.0 
p99 hits latency: 281.01 
p95 hits latency: 176.0 
p90 hits latency: 136.0 
 Minimum hits : 6 
 Maximum hits : 557 
 
-------------------------------------------------------

MISSES
No misses seen
-------------------------------------------------------

Aggregated Data of both Hits & Miss
Average response time: 143.18 
Median response time: 14.0 
p99 latency: 281.01 
p95 latency: 176.0 
p90 latency: 136.0 
Average THROUGHPUT in rps : 252.28991566029256 
-------------------------------------------------------
Node stats response below
{
    "_shards": {
        "total": 21,
        "successful": 21,
        "failed": 0
    },
    "_all": {
        "primaries": {
            "docs": {
                "count": 59163813,
                "deleted": 0
            },
            "store": {
                "size_in_bytes": 11974220109,
                "reserved_in_bytes": 0
            },
            "indexing": {
                "index_total": 59200000,
                "index_time_in_millis": 1878394,
                "index_current": 0,
                "index_failed": 0,
                "delete_total": 0,
                "delete_time_in_millis": 0,
                "delete_current": 0,
                "noop_update_total": 0,
                "is_throttled": false,
                "throttle_time_in_millis": 0
            },
            "get": {
                "total": 0,
                "time_in_millis": 0,
                "exists_total": 0,
                "exists_time_in_millis": 0,
                "missing_total": 0,
                "missing_time_in_millis": 0,
                "current": 0
            },
            "search": {
                "open_contexts": 0,
                "query_total": 55940,
                "query_time_in_millis": 996565,
                "query_current": 0,
                "fetch_total": 12,
                "fetch_time_in_millis": 2,
                "fetch_current": 0,
                "scroll_total": 0,
                "scroll_time_in_millis": 0,
                "scroll_current": 0,
                "suggest_total": 0,
                "suggest_time_in_millis": 0,
                "suggest_current": 0
            },
            "merges": {
                "current": 1,
                "current_docs": 339478,
                "current_size_in_bytes": 70064847,
                "total": 71,
                "total_time_in_millis": 449408,
                "total_docs": 24724025,
                "total_size_in_bytes": 5004788228,
                "total_stopped_time_in_millis": 0,
                "total_throttled_time_in_millis": 237042,
                "total_auto_throttle_in_bytes": 350914486
            },
            "refresh": {
                "total": 1085,
                "total_time_in_millis": 261137,
                "external_total": 1021,
                "external_total_time_in_millis": 228971,
                "listeners": 0
            },
            "flush": {
                "total": 67,
                "periodic": 50,
                "total_time_in_millis": 309176
            },
            "warmer": {
                "current": 0,
                "total": 1000,
                "total_time_in_millis": 6
            },
            "query_cache": {
                "memory_size_in_bytes": 0,
                "total_count": 0,
                "hit_count": 0,
                "miss_count": 0,
                "cache_size": 0,
                "cache_count": 0,
                "evictions": 0
            },
            "fielddata": {
                "memory_size_in_bytes": 0,
                "evictions": 0
            },
            "completion": {
                "size_in_bytes": 0
            },
            "segments": {
                "count": 397,
                "memory_in_bytes": 1368460,
                "terms_memory_in_bytes": 498048,
                "stored_fields_memory_in_bytes": 226248,
                "term_vectors_memory_in_bytes": 0,
                "norms_memory_in_bytes": 0,
                "points_memory_in_bytes": 0,
                "doc_values_memory_in_bytes": 644164,
                "index_writer_memory_in_bytes": 10172216,
                "version_map_memory_in_bytes": 0,
                "fixed_bit_set_memory_in_bytes": 0,
                "max_unsafe_auto_id_timestamp": -1,
                "file_sizes": {}
            },
            "translog": {
                "operations": 2445178,
                "size_in_bytes": 1345728920,
                "uncommitted_operations": 2445178,
                "uncommitted_size_in_bytes": 1345728920,
                "earliest_last_modified_age": 26399
            },
            "request_cache": {
                "memory_size_in_bytes": 23589633,
                "evictions": 0,
                "hit_count": 30921,
                "miss_count": 25019
            },
            "recovery": {
                "current_as_source": 0,
                "current_as_target": 0,
                "throttle_time_in_millis": 0
            }
        },
        "total": {
            "docs": {
                "count": 59163813,
                "deleted": 0
            },
            "store": {
                "size_in_bytes": 11974220109,
                "reserved_in_bytes": 0
            },
            "indexing": {
                "index_total": 59200000,
                "index_time_in_millis": 1878394,
                "index_current": 0,
                "index_failed": 0,
                "delete_total": 0,
                "delete_time_in_millis": 0,
                "delete_current": 0,
                "noop_update_total": 0,
                "is_throttled": false,
                "throttle_time_in_millis": 0
            },
            "get": {
                "total": 0,
                "time_in_millis": 0,
                "exists_total": 0,
                "exists_time_in_millis": 0,
                "missing_total": 0,
                "missing_time_in_millis": 0,
                "current": 0
            },
            "search": {
                "open_contexts": 0,
                "query_total": 55940,
                "query_time_in_millis": 996565,
                "query_current": 0,
                "fetch_total": 12,
                "fetch_time_in_millis": 2,
                "fetch_current": 0,
                "scroll_total": 0,
                "scroll_time_in_millis": 0,
                "scroll_current": 0,
                "suggest_total": 0,
                "suggest_time_in_millis": 0,
                "suggest_current": 0
            },
            "merges": {
                "current": 1,
                "current_docs": 339478,
                "current_size_in_bytes": 70064847,
                "total": 71,
                "total_time_in_millis": 449408,
                "total_docs": 24724025,
                "total_size_in_bytes": 5004788228,
                "total_stopped_time_in_millis": 0,
                "total_throttled_time_in_millis": 237042,
                "total_auto_throttle_in_bytes": 350914486
            },
            "refresh": {
                "total": 1085,
                "total_time_in_millis": 261137,
                "external_total": 1021,
                "external_total_time_in_millis": 228971,
                "listeners": 0
            },
            "flush": {
                "total": 67,
                "periodic": 50,
                "total_time_in_millis": 309176
            },
            "warmer": {
                "current": 0,
                "total": 1000,
                "total_time_in_millis": 6
            },
            "query_cache": {
                "memory_size_in_bytes": 0,
                "total_count": 0,
                "hit_count": 0,
                "miss_count": 0,
                "cache_size": 0,
                "cache_count": 0,
                "evictions": 0
            },
            "fielddata": {
                "memory_size_in_bytes": 0,
                "evictions": 0
            },
            "completion": {
                "size_in_bytes": 0
            },
            "segments": {
                "count": 397,
                "memory_in_bytes": 1368460,
                "terms_memory_in_bytes": 498048,
                "stored_fields_memory_in_bytes": 226248,
                "term_vectors_memory_in_bytes": 0,
                "norms_memory_in_bytes": 0,
                "points_memory_in_bytes": 0,
                "doc_values_memory_in_bytes": 644164,
                "index_writer_memory_in_bytes": 10172216,
                "version_map_memory_in_bytes": 0,
                "fixed_bit_set_memory_in_bytes": 0,
                "max_unsafe_auto_id_timestamp": -1,
                "file_sizes": {}
            },
            "translog": {
                "operations": 2445178,
                "size_in_bytes": 1345728920,
                "uncommitted_operations": 2445178,
                "uncommitted_size_in_bytes": 1345728920,
                "earliest_last_modified_age": 26399
            },
            "request_cache": {
                "memory_size_in_bytes": 23589633,
                "evictions": 0,
                "hit_count": 30921,
                "miss_count": 25019
            },
            "recovery": {
                "current_as_source": 0,
                "current_as_target": 0,
                "throttle_time_in_millis": 0
            }
        }
    },
    "indices": {
        "single_client-000009": {
            "uuid": "tI92sJl5TRiAEdxMdt4wPQ",
            "primaries": {
                "docs": {
                    "count": 3000000,
                    "deleted": 0
                },
                "store": {
                    "size_in_bytes": 605038310,
                    "reserved_in_bytes": 0
                },
                "indexing": {
                    "index_total": 3000000,
                    "index_time_in_millis": 91551,
                    "index_current": 0,
                    "index_failed": 0,
                    "delete_total": 0,
                    "delete_time_in_millis": 0,
                    "delete_current": 0,
                    "noop_update_total": 0,
                    "is_throttled": false,
                    "throttle_time_in_millis": 0
                },
                "get": {
                    "total": 0,
                    "time_in_millis": 0,
                    "exists_total": 0,
                    "exists_time_in_millis": 0,
                    "missing_total": 0,
                    "missing_time_in_millis": 0,
                    "current": 0
                },
                "search": {
                    "open_contexts": 0,
                    "query_total": 4967,
                    "query_time_in_millis": 70015,
                    "query_current": 0,
                    "fetch_total": 0,
                    "fetch_time_in_millis": 0,
                    "fetch_current": 0,
                    "scroll_total": 0,
                    "scroll_time_in_millis": 0,
                    "scroll_current": 0,
                    "suggest_total": 0,
                    "suggest_time_in_millis": 0,
                    "suggest_current": 0
                },
                "merges": {
                    "current": 0,
                    "current_docs": 0,
                    "current_size_in_bytes": 0,
                    "total": 1,
                    "total_time_in_millis": 5248,
                    "total_docs": 348003,
                    "total_size_in_bytes": 71964400,
                    "total_stopped_time_in_millis": 0,
                    "total_throttled_time_in_millis": 2423,
                    "total_auto_throttle_in_bytes": 19065018
                },
                "refresh": {
                    "total": 28,
                    "total_time_in_millis": 6386,
                    "external_total": 25,
                    "external_total_time_in_millis": 4539,
                    "listeners": 0
                },
                "flush": {
                    "total": 4,
                    "periodic": 3,
                    "total_time_in_millis": 20961
                },
                "warmer": {
                    "current": 0,
                    "total": 24,
                    "total_time_in_millis": 0
                },
                "query_cache": {
                    "memory_size_in_bytes": 0,
                    "total_count": 0,
                    "hit_count": 0,
                    "miss_count": 0,
                    "cache_size": 0,
                    "cache_count": 0,
                    "evictions": 0
                },
                "fielddata": {
                    "memory_size_in_bytes": 0,
                    "evictions": 0
                },
                "completion": {
                    "size_in_bytes": 0
                },
                "segments": {
                    "count": 18,
                    "memory_in_bytes": 60960,
                    "terms_memory_in_bytes": 21312,
                    "stored_fields_memory_in_bytes": 10448,
                    "term_vectors_memory_in_bytes": 0,
                    "norms_memory_in_bytes": 0,
                    "points_memory_in_bytes": 0,
                    "doc_values_memory_in_bytes": 29200,
                    "index_writer_memory_in_bytes": 0,
                    "version_map_memory_in_bytes": 0,
                    "fixed_bit_set_memory_in_bytes": 0,
                    "max_unsafe_auto_id_timestamp": -1,
                    "file_sizes": {}
                },
                "translog": {
                    "operations": 0,
                    "size_in_bytes": 55,
                    "uncommitted_operations": 0,
                    "uncommitted_size_in_bytes": 55,
                    "earliest_last_modified_age": 1501878
                },
                "request_cache": {
                    "memory_size_in_bytes": 2219373,
                    "evictions": 0,
                    "hit_count": 2630,
                    "miss_count": 2337
                },
                "recovery": {
                    "current_as_source": 0,
                    "current_as_target": 0,
                    "throttle_time_in_millis": 0
                }
            },
            "total": {
                "docs": {
                    "count": 3000000,
                    "deleted": 0
                },
                "store": {
                    "size_in_bytes": 605038310,
                    "reserved_in_bytes": 0
                },
                "indexing": {
                    "index_total": 3000000,
                    "index_time_in_millis": 91551,
                    "index_current": 0,
                    "index_failed": 0,
                    "delete_total": 0,
                    "delete_time_in_millis": 0,
                    "delete_current": 0,
                    "noop_update_total": 0,
                    "is_throttled": false,
                    "throttle_time_in_millis": 0
                },
                "get": {
                    "total": 0,
                    "time_in_millis": 0,
                    "exists_total": 0,
                    "exists_time_in_millis": 0,
                    "missing_total": 0,
                    "missing_time_in_millis": 0,
                    "current": 0
                },
                "search": {
                    "open_contexts": 0,
                    "query_total": 4967,
                    "query_time_in_millis": 70015,
                    "query_current": 0,
                    "fetch_total": 0,
                    "fetch_time_in_millis": 0,
                    "fetch_current": 0,
                    "scroll_total": 0,
                    "scroll_time_in_millis": 0,
                    "scroll_current": 0,
                    "suggest_total": 0,
                    "suggest_time_in_millis": 0,
                    "suggest_current": 0
                },
                "merges": {
                    "current": 0,
                    "current_docs": 0,
                    "current_size_in_bytes": 0,
                    "total": 1,
                    "total_time_in_millis": 5248,
                    "total_docs": 348003,
                    "total_size_in_bytes": 71964400,
                    "total_stopped_time_in_millis": 0,
                    "total_throttled_time_in_millis": 2423,
                    "total_auto_throttle_in_bytes": 19065018
                },
                "refresh": {
                    "total": 28,
                    "total_time_in_millis": 6386,
                    "external_total": 25,
                    "external_total_time_in_millis": 4539,
                    "listeners": 0
                },
                "flush": {
                    "total": 4,
                    "periodic": 3,
                    "total_time_in_millis": 20961
                },
                "warmer": {
                    "current": 0,
                    "total": 24,
                    "total_time_in_millis": 0
                },
                "query_cache": {
                    "memory_size_in_bytes": 0,
                    "total_count": 0,
                    "hit_count": 0,
                    "miss_count": 0,
                    "cache_size": 0,
                    "cache_count": 0,
                    "evictions": 0
                },
                "fielddata": {
                    "memory_size_in_bytes": 0,
                    "evictions": 0
                },
                "completion": {
                    "size_in_bytes": 0
                },
                "segments": {
                    "count": 18,
                    "memory_in_bytes": 60960,
                    "terms_memory_in_bytes": 21312,
                    "stored_fields_memory_in_bytes": 10448,
                    "term_vectors_memory_in_bytes": 0,
                    "norms_memory_in_bytes": 0,
                    "points_memory_in_bytes": 0,
                    "doc_values_memory_in_bytes": 29200,
                    "index_writer_memory_in_bytes": 0,
                    "version_map_memory_in_bytes": 0,
                    "fixed_bit_set_memory_in_bytes": 0,
                    "max_unsafe_auto_id_timestamp": -1,
                    "file_sizes": {}
                },
                "translog": {
                    "operations": 0,
                    "size_in_bytes": 55,
                    "uncommitted_operations": 0,
                    "uncommitted_size_in_bytes": 55,
                    "earliest_last_modified_age": 1501878
                },
                "request_cache": {
                    "memory_size_in_bytes": 2219373,
                    "evictions": 0,
                    "hit_count": 2630,
                    "miss_count": 2337
                },
                "recovery": {
                    "current_as_source": 0,
                    "current_as_target": 0,
                    "throttle_time_in_millis": 0
                }
            }
        },
        "single_client-000017": {
            "uuid": "a8pMNcIsSuCE7h2QcaWLIw",
            "primaries": {
                "docs": {
                    "count": 2800000,
                    "deleted": 0
                },
                "store": {
                    "size_in_bytes": 550363851,
                    "reserved_in_bytes": 0
                },
                "indexing": {
                    "index_total": 2800000,
                    "index_time_in_millis": 92428,
                    "index_current": 0,
                    "index_failed": 0,
                    "delete_total": 0,
                    "delete_time_in_millis": 0,
                    "delete_current": 0,
                    "noop_update_total": 0,
                    "is_throttled": false,
                    "throttle_time_in_millis": 0
                },
                "get": {
                    "total": 0,
                    "time_in_millis": 0,
                    "exists_total": 0,
                    "exists_time_in_millis": 0,
                    "missing_total": 0,
                    "missing_time_in_millis": 0,
                    "current": 0
                },
                "search": {
                    "open_contexts": 0,
                    "query_total": 2752,
                    "query_time_in_millis": 9931,
                    "query_current": 0,
                    "fetch_total": 0,
                    "fetch_time_in_millis": 0,
                    "fetch_current": 0,
                    "scroll_total": 0,
                    "scroll_time_in_millis": 0,
                    "scroll_current": 0,
                    "suggest_total": 0,
                    "suggest_time_in_millis": 0,
                    "suggest_current": 0
                },
                "merges": {
                    "current": 0,
                    "current_docs": 0,
                    "current_size_in_bytes": 0,
                    "total": 10,
                    "total_time_in_millis": 108091,
                    "total_docs": 5003428,
                    "total_size_in_bytes": 1003267345,
                    "total_stopped_time_in_millis": 0,
                    "total_throttled_time_in_millis": 59192,
                    "total_auto_throttle_in_bytes": 9783368
                },
                "refresh": {
                    "total": 114,
                    "total_time_in_millis": 23610,
                    "external_total": 111,
                    "external_total_time_in_millis": 23784,
                    "listeners": 0
                },
                "flush": {
                    "total": 3,
                    "periodic": 2,
                    "total_time_in_millis": 1874
                },
                "warmer": {
                    "current": 0,
                    "total": 110,
                    "total_time_in_millis": 1
                },
                "query_cache": {
                    "memory_size_in_bytes": 0,
                    "total_count": 0,
                    "hit_count": 0,
                    "miss_count": 0,
                    "cache_size": 0,
                    "cache_count": 0,
                    "evictions": 0
                },
                "fielddata": {
                    "memory_size_in_bytes": 0,
                    "evictions": 0
                },
                "completion": {
                    "size_in_bytes": 0
                },
                "segments": {
                    "count": 17,
                    "memory_in_bytes": 62540,
                    "terms_memory_in_bytes": 20128,
                    "stored_fields_memory_in_bytes": 9960,
                    "term_vectors_memory_in_bytes": 0,
                    "norms_memory_in_bytes": 0,
                    "points_memory_in_bytes": 0,
                    "doc_values_memory_in_bytes": 32452,
                    "index_writer_memory_in_bytes": 0,
                    "version_map_memory_in_bytes": 0,
                    "fixed_bit_set_memory_in_bytes": 0,
                    "max_unsafe_auto_id_timestamp": -1,
                    "file_sizes": {}
                },
                "translog": {
                    "operations": 0,
                    "size_in_bytes": 55,
                    "uncommitted_operations": 0,
                    "uncommitted_size_in_bytes": 55,
                    "earliest_last_modified_age": 426274
                },
                "request_cache": {
                    "memory_size_in_bytes": 1083887,
                    "evictions": 0,
                    "hit_count": 437,
                    "miss_count": 2315
                },
                "recovery": {
                    "current_as_source": 0,
                    "current_as_target": 0,
                    "throttle_time_in_millis": 0
                }
            },
            "total": {
                "docs": {
                    "count": 2800000,
                    "deleted": 0
                },
                "store": {
                    "size_in_bytes": 550363851,
                    "reserved_in_bytes": 0
                },
                "indexing": {
                    "index_total": 2800000,
                    "index_time_in_millis": 92428,
                    "index_current": 0,
                    "index_failed": 0,
                    "delete_total": 0,
                    "delete_time_in_millis": 0,
                    "delete_current": 0,
                    "noop_update_total": 0,
                    "is_throttled": false,
                    "throttle_time_in_millis": 0
                },
                "get": {
                    "total": 0,
                    "time_in_millis": 0,
                    "exists_total": 0,
                    "exists_time_in_millis": 0,
                    "missing_total": 0,
                    "missing_time_in_millis": 0,
                    "current": 0
                },
                "search": {
                    "open_contexts": 0,
                    "query_total": 2752,
                    "query_time_in_millis": 9931,
                    "query_current": 0,
                    "fetch_total": 0,
                    "fetch_time_in_millis": 0,
                    "fetch_current": 0,
                    "scroll_total": 0,
                    "scroll_time_in_millis": 0,
                    "scroll_current": 0,
                    "suggest_total": 0,
                    "suggest_time_in_millis": 0,
                    "suggest_current": 0
                },
                "merges": {
                    "current": 0,
                    "current_docs": 0,
                    "current_size_in_bytes": 0,
                    "total": 10,
                    "total_time_in_millis": 108091,
                    "total_docs": 5003428,
                    "total_size_in_bytes": 1003267345,
                    "total_stopped_time_in_millis": 0,
                    "total_throttled_time_in_millis": 59192,
                    "total_auto_throttle_in_bytes": 9783368
                },
                "refresh": {
                    "total": 114,
                    "total_time_in_millis": 23610,
                    "external_total": 111,
                    "external_total_time_in_millis": 23784,
                    "listeners": 0
                },
                "flush": {
                    "total": 3,
                    "periodic": 2,
                    "total_time_in_millis": 1874
                },
                "warmer": {
                    "current": 0,
                    "total": 110,
                    "total_time_in_millis": 1
                },
                "query_cache": {
                    "memory_size_in_bytes": 0,
                    "total_count": 0,
                    "hit_count": 0,
                    "miss_count": 0,
                    "cache_size": 0,
                    "cache_count": 0,
                    "evictions": 0
                },
                "fielddata": {
                    "memory_size_in_bytes": 0,
                    "evictions": 0
                },
                "completion": {
                    "size_in_bytes": 0
                },
                "segments": {
                    "count": 17,
                    "memory_in_bytes": 62540,
                    "terms_memory_in_bytes": 20128,
                    "stored_fields_memory_in_bytes": 9960,
                    "term_vectors_memory_in_bytes": 0,
                    "norms_memory_in_bytes": 0,
                    "points_memory_in_bytes": 0,
                    "doc_values_memory_in_bytes": 32452,
                    "index_writer_memory_in_bytes": 0,
                    "version_map_memory_in_bytes": 0,
                    "fixed_bit_set_memory_in_bytes": 0,
                    "max_unsafe_auto_id_timestamp": -1,
                    "file_sizes": {}
                },
                "translog": {
                    "operations": 0,
                    "size_in_bytes": 55,
                    "uncommitted_operations": 0,
                    "uncommitted_size_in_bytes": 55,
                    "earliest_last_modified_age": 426274
                },
                "request_cache": {
                    "memory_size_in_bytes": 1083887,
                    "evictions": 0,
                    "hit_count": 437,
                    "miss_count": 2315
                },
                "recovery": {
                    "current_as_source": 0,
                    "current_as_target": 0,
                    "throttle_time_in_millis": 0
                }
            }
        },
        "single_client-000006": {
            "uuid": "8QEjyRxVQZu7I31EiD53EA",
            "primaries": {
                "docs": {
                    "count": 3400000,
                    "deleted": 0
                },
                "store": {
                    "size_in_bytes": 676842270,
                    "reserved_in_bytes": 0
                },
                "indexing": {
                    "index_total": 3400000,
                    "index_time_in_millis": 106058,
                    "index_current": 0,
                    "index_failed": 0,
                    "delete_total": 0,
                    "delete_time_in_millis": 0,
                    "delete_current": 0,
                    "noop_update_total": 0,
                    "is_throttled": false,
                    "throttle_time_in_millis": 0
                },
                "get": {
                    "total": 0,
                    "time_in_millis": 0,
                    "exists_total": 0,
                    "exists_time_in_millis": 0,
                    "missing_total": 0,
                    "missing_time_in_millis": 0,
                    "current": 0
                },
                "search": {
                    "open_contexts": 0,
                    "query_total": 178,
                    "query_time_in_millis": 2377,
                    "query_current": 0,
                    "fetch_total": 0,
                    "fetch_time_in_millis": 0,
                    "fetch_current": 0,
                    "scroll_total": 0,
                    "scroll_time_in_millis": 0,
                    "scroll_current": 0,
                    "suggest_total": 0,
                    "suggest_time_in_millis": 0,
                    "suggest_current": 0
                },
                "merges": {
                    "current": 0,
                    "current_docs": 0,
                    "current_size_in_bytes": 0,
                    "total": 1,
                    "total_time_in_millis": 4978,
                    "total_docs": 349553,
                    "total_size_in_bytes": 70923713,
                    "total_stopped_time_in_millis": 0,
                    "total_throttled_time_in_millis": 2539,
                    "total_auto_throttle_in_bytes": 19065018
                },
                "refresh": {
                    "total": 29,
                    "total_time_in_millis": 9739,
                    "external_total": 25,
                    "external_total_time_in_millis": 6507,
                    "listeners": 0
                },
                "flush": {
                    "total": 4,
                    "periodic": 3,
                    "total_time_in_millis": 26056
                },
                "warmer": {
                    "current": 0,
                    "total": 24,
                    "total_time_in_millis": 0
                },
                "query_cache": {
                    "memory_size_in_bytes": 0,
                    "total_count": 0,
                    "hit_count": 0,
                    "miss_count": 0,
                    "cache_size": 0,
                    "cache_count": 0,
                    "evictions": 0
                },
                "fielddata": {
                    "memory_size_in_bytes": 0,
                    "evictions": 0
                },
                "completion": {
                    "size_in_bytes": 0
                },
                "segments": {
                    "count": 20,
                    "memory_in_bytes": 64272,
                    "terms_memory_in_bytes": 28160,
                    "stored_fields_memory_in_bytes": 11680,
                    "term_vectors_memory_in_bytes": 0,
                    "norms_memory_in_bytes": 0,
                    "points_memory_in_bytes": 0,
                    "doc_values_memory_in_bytes": 24432,
                    "index_writer_memory_in_bytes": 0,
                    "version_map_memory_in_bytes": 0,
                    "fixed_bit_set_memory_in_bytes": 0,
                    "max_unsafe_auto_id_timestamp": -1,
                    "file_sizes": {}
                },
                "translog": {
                    "operations": 0,
                    "size_in_bytes": 55,
                    "uncommitted_operations": 0,
                    "uncommitted_size_in_bytes": 55,
                    "earliest_last_modified_age": 1896692
                },
                "request_cache": {
                    "memory_size_in_bytes": 310090,
                    "evictions": 0,
                    "hit_count": 48,
                    "miss_count": 130
                },
                "recovery": {
                    "current_as_source": 0,
                    "current_as_target": 0,
                    "throttle_time_in_millis": 0
                }
            },
            "total": {
                "docs": {
                    "count": 3400000,
                    "deleted": 0
                },
                "store": {
                    "size_in_bytes": 676842270,
                    "reserved_in_bytes": 0
                },
                "indexing": {
                    "index_total": 3400000,
                    "index_time_in_millis": 106058,
                    "index_current": 0,
                    "index_failed": 0,
                    "delete_total": 0,
                    "delete_time_in_millis": 0,
                    "delete_current": 0,
                    "noop_update_total": 0,
                    "is_throttled": false,
                    "throttle_time_in_millis": 0
                },
                "get": {
                    "total": 0,
                    "time_in_millis": 0,
                    "exists_total": 0,
                    "exists_time_in_millis": 0,
                    "missing_total": 0,
                    "missing_time_in_millis": 0,
                    "current": 0
                },
                "search": {
                    "open_contexts": 0,
                    "query_total": 178,
                    "query_time_in_millis": 2377,
                    "query_current": 0,
                    "fetch_total": 0,
                    "fetch_time_in_millis": 0,
                    "fetch_current": 0,
                    "scroll_total": 0,
                    "scroll_time_in_millis": 0,
                    "scroll_current": 0,
                    "suggest_total": 0,
                    "suggest_time_in_millis": 0,
                    "suggest_current": 0
                },
                "merges": {
                    "current": 0,
                    "current_docs": 0,
                    "current_size_in_bytes": 0,
                    "total": 1,
                    "total_time_in_millis": 4978,
                    "total_docs": 349553,
                    "total_size_in_bytes": 70923713,
                    "total_stopped_time_in_millis": 0,
                    "total_throttled_time_in_millis": 2539,
                    "total_auto_throttle_in_bytes": 19065018
                },
                "refresh": {
                    "total": 29,
                    "total_time_in_millis": 9739,
                    "external_total": 25,
                    "external_total_time_in_millis": 6507,
                    "listeners": 0
                },
                "flush": {
                    "total": 4,
                    "periodic": 3,
                    "total_time_in_millis": 26056
                },
                "warmer": {
                    "current": 0,
                    "total": 24,
                    "total_time_in_millis": 0
                },
                "query_cache": {
                    "memory_size_in_bytes": 0,
                    "total_count": 0,
                    "hit_count": 0,
                    "miss_count": 0,
                    "cache_size": 0,
                    "cache_count": 0,
                    "evictions": 0
                },
                "fielddata": {
                    "memory_size_in_bytes": 0,
                    "evictions": 0
                },
                "completion": {
                    "size_in_bytes": 0
                },
                "segments": {
                    "count": 20,
                    "memory_in_bytes": 64272,
                    "terms_memory_in_bytes": 28160,
                    "stored_fields_memory_in_bytes": 11680,
                    "term_vectors_memory_in_bytes": 0,
                    "norms_memory_in_bytes": 0,
                    "points_memory_in_bytes": 0,
                    "doc_values_memory_in_bytes": 24432,
                    "index_writer_memory_in_bytes": 0,
                    "version_map_memory_in_bytes": 0,
                    "fixed_bit_set_memory_in_bytes": 0,
                    "max_unsafe_auto_id_timestamp": -1,
                    "file_sizes": {}
                },
                "translog": {
                    "operations": 0,
                    "size_in_bytes": 55,
                    "uncommitted_operations": 0,
                    "uncommitted_size_in_bytes": 55,
                    "earliest_last_modified_age": 1896692
                },
                "request_cache": {
                    "memory_size_in_bytes": 310090,
                    "evictions": 0,
                    "hit_count": 48,
                    "miss_count": 130
                },
                "recovery": {
                    "current_as_source": 0,
                    "current_as_target": 0,
                    "throttle_time_in_millis": 0
                }
            }
        },
        "single_client-000005": {
            "uuid": "kGLwI56BSq6kv5isQXcrSQ",
            "primaries": {
                "docs": {
                    "count": 2700000,
                    "deleted": 0
                },
                "store": {
                    "size_in_bytes": 534705596,
                    "reserved_in_bytes": 0
                },
                "indexing": {
                    "index_total": 2700000,
                    "index_time_in_millis": 85135,
                    "index_current": 0,
                    "index_failed": 0,
                    "delete_total": 0,
                    "delete_time_in_millis": 0,
                    "delete_current": 0,
                    "noop_update_total": 0,
                    "is_throttled": false,
                    "throttle_time_in_millis": 0
                },
                "get": {
                    "total": 0,
                    "time_in_millis": 0,
                    "exists_total": 0,
                    "exists_time_in_millis": 0,
                    "missing_total": 0,
                    "missing_time_in_millis": 0,
                    "current": 0
                },
                "search": {
                    "open_contexts": 0,
                    "query_total": 1594,
                    "query_time_in_millis": 60169,
                    "query_current": 0,
                    "fetch_total": 0,
                    "fetch_time_in_millis": 0,
                    "fetch_current": 0,
                    "scroll_total": 0,
                    "scroll_time_in_millis": 0,
                    "scroll_current": 0,
                    "suggest_total": 0,
                    "suggest_time_in_millis": 0,
                    "suggest_current": 0
                },
                "merges": {
                    "current": 0,
                    "current_docs": 0,
                    "current_size_in_bytes": 0,
                    "total": 1,
                    "total_time_in_millis": 5178,
                    "total_docs": 342773,
                    "total_size_in_bytes": 68716768,
                    "total_stopped_time_in_millis": 0,
                    "total_throttled_time_in_millis": 2376,
                    "total_auto_throttle_in_bytes": 19065018
                },
                "refresh": {
                    "total": 28,
                    "total_time_in_millis": 10260,
                    "external_total": 25,
                    "external_total_time_in_millis": 8200,
                    "listeners": 0
                },
                "flush": {
                    "total": 3,
                    "periodic": 2,
                    "total_time_in_millis": 18937
                },
                "warmer": {
                    "current": 0,
                    "total": 24,
                    "total_time_in_millis": 0
                },
                "query_cache": {
                    "memory_size_in_bytes": 0,
                    "total_count": 0,
                    "hit_count": 0,
                    "miss_count": 0,
                    "cache_size": 0,
                    "cache_count": 0,
                    "evictions": 0
                },
                "fielddata": {
                    "memory_size_in_bytes": 0,
                    "evictions": 0
                },
                "completion": {
                    "size_in_bytes": 0
                },
                "segments": {
                    "count": 18,
                    "memory_in_bytes": 60200,
                    "terms_memory_in_bytes": 25344,
                    "stored_fields_memory_in_bytes": 10352,
                    "term_vectors_memory_in_bytes": 0,
                    "norms_memory_in_bytes": 0,
                    "points_memory_in_bytes": 0,
                    "doc_values_memory_in_bytes": 24504,
                    "index_writer_memory_in_bytes": 0,
                    "version_map_memory_in_bytes": 0,
                    "fixed_bit_set_memory_in_bytes": 0,
                    "max_unsafe_auto_id_timestamp": -1,
                    "file_sizes": {}
                },
                "translog": {
                    "operations": 0,
                    "size_in_bytes": 55,
                    "uncommitted_operations": 0,
                    "uncommitted_size_in_bytes": 55,
                    "earliest_last_modified_age": 1745157
                },
                "request_cache": {
                    "memory_size_in_bytes": 827182,
                    "evictions": 0,
                    "hit_count": 969,
                    "miss_count": 625
                },
                "recovery": {
                    "current_as_source": 0,
                    "current_as_target": 0,
                    "throttle_time_in_millis": 0
                }
            },
            "total": {
                "docs": {
                    "count": 2700000,
                    "deleted": 0
                },
                "store": {
                    "size_in_bytes": 534705596,
                    "reserved_in_bytes": 0
                },
                "indexing": {
                    "index_total": 2700000,
                    "index_time_in_millis": 85135,
                    "index_current": 0,
                    "index_failed": 0,
                    "delete_total": 0,
                    "delete_time_in_millis": 0,
                    "delete_current": 0,
                    "noop_update_total": 0,
                    "is_throttled": false,
                    "throttle_time_in_millis": 0
                },
                "get": {
                    "total": 0,
                    "time_in_millis": 0,
                    "exists_total": 0,
                    "exists_time_in_millis": 0,
                    "missing_total": 0,
                    "missing_time_in_millis": 0,
                    "current": 0
                },
                "search": {
                    "open_contexts": 0,
                    "query_total": 1594,
                    "query_time_in_millis": 60169,
                    "query_current": 0,
                    "fetch_total": 0,
                    "fetch_time_in_millis": 0,
                    "fetch_current": 0,
                    "scroll_total": 0,
                    "scroll_time_in_millis": 0,
                    "scroll_current": 0,
                    "suggest_total": 0,
                    "suggest_time_in_millis": 0,
                    "suggest_current": 0
                },
                "merges": {
                    "current": 0,
                    "current_docs": 0,
                    "current_size_in_bytes": 0,
                    "total": 1,
                    "total_time_in_millis": 5178,
                    "total_docs": 342773,
                    "total_size_in_bytes": 68716768,
                    "total_stopped_time_in_millis": 0,
                    "total_throttled_time_in_millis": 2376,
                    "total_auto_throttle_in_bytes": 19065018
                },
                "refresh": {
                    "total": 28,
                    "total_time_in_millis": 10260,
                    "external_total": 25,
                    "external_total_time_in_millis": 8200,
                    "listeners": 0
                },
                "flush": {
                    "total": 3,
                    "periodic": 2,
                    "total_time_in_millis": 18937
                },
                "warmer": {
                    "current": 0,
                    "total": 24,
                    "total_time_in_millis": 0
                },
                "query_cache": {
                    "memory_size_in_bytes": 0,
                    "total_count": 0,
                    "hit_count": 0,
                    "miss_count": 0,
                    "cache_size": 0,
                    "cache_count": 0,
                    "evictions": 0
                },
                "fielddata": {
                    "memory_size_in_bytes": 0,
                    "evictions": 0
                },
                "completion": {
                    "size_in_bytes": 0
                },
                "segments": {
                    "count": 18,
                    "memory_in_bytes": 60200,
                    "terms_memory_in_bytes": 25344,
                    "stored_fields_memory_in_bytes": 10352,
                    "term_vectors_memory_in_bytes": 0,
                    "norms_memory_in_bytes": 0,
                    "points_memory_in_bytes": 0,
                    "doc_values_memory_in_bytes": 24504,
                    "index_writer_memory_in_bytes": 0,
                    "version_map_memory_in_bytes": 0,
                    "fixed_bit_set_memory_in_bytes": 0,
                    "max_unsafe_auto_id_timestamp": -1,
                    "file_sizes": {}
                },
                "translog": {
                    "operations": 0,
                    "size_in_bytes": 55,
                    "uncommitted_operations": 0,
                    "uncommitted_size_in_bytes": 55,
                    "earliest_last_modified_age": 1745157
                },
                "request_cache": {
                    "memory_size_in_bytes": 827182,
                    "evictions": 0,
                    "hit_count": 969,
                    "miss_count": 625
                },
                "recovery": {
                    "current_as_source": 0,
                    "current_as_target": 0,
                    "throttle_time_in_millis": 0
                }
            }
        },
        "single_client-000016": {
            "uuid": "JkA5CR85TgKUv3mg-ykLrw",
            "primaries": {
                "docs": {
                    "count": 2700000,
                    "deleted": 0
                },
                "store": {
                    "size_in_bytes": 536173867,
                    "reserved_in_bytes": 0
                },
                "indexing": {
                    "index_total": 2700000,
                    "index_time_in_millis": 85749,
                    "index_current": 0,
                    "index_failed": 0,
                    "delete_total": 0,
                    "delete_time_in_millis": 0,
                    "delete_current": 0,
                    "noop_update_total": 0,
                    "is_throttled": false,
                    "throttle_time_in_millis": 0
                },
                "get": {
                    "total": 0,
                    "time_in_millis": 0,
                    "exists_total": 0,
                    "exists_time_in_millis": 0,
                    "missing_total": 0,
                    "missing_time_in_millis": 0,
                    "current": 0
                },
                "search": {
                    "open_contexts": 0,
                    "query_total": 387,
                    "query_time_in_millis": 14973,
                    "query_current": 0,
                    "fetch_total": 0,
                    "fetch_time_in_millis": 0,
                    "fetch_current": 0,
                    "scroll_total": 0,
                    "scroll_time_in_millis": 0,
                    "scroll_current": 0,
                    "suggest_total": 0,
                    "suggest_time_in_millis": 0,
                    "suggest_current": 0
                },
                "merges": {
                    "current": 0,
                    "current_docs": 0,
                    "current_size_in_bytes": 0,
                    "total": 9,
                    "total_time_in_millis": 42579,
                    "total_docs": 2496400,
                    "total_size_in_bytes": 506113253,
                    "total_stopped_time_in_millis": 0,
                    "total_throttled_time_in_millis": 23141,
                    "total_auto_throttle_in_bytes": 10761705
                },
                "refresh": {
                    "total": 107,
                    "total_time_in_millis": 21877,
                    "external_total": 104,
                    "external_total_time_in_millis": 21971,
                    "listeners": 0
                },
                "flush": {
                    "total": 3,
                    "periodic": 2,
                    "total_time_in_millis": 1602
                },
                "warmer": {
                    "current": 0,
                    "total": 103,
                    "total_time_in_millis": 1
                },
                "query_cache": {
                    "memory_size_in_bytes": 0,
                    "total_count": 0,
                    "hit_count": 0,
                    "miss_count": 0,
                    "cache_size": 0,
                    "cache_count": 0,
                    "evictions": 0
                },
                "fielddata": {
                    "memory_size_in_bytes": 0,
                    "evictions": 0
                },
                "completion": {
                    "size_in_bytes": 0
                },
                "segments": {
                    "count": 20,
                    "memory_in_bytes": 68120,
                    "terms_memory_in_bytes": 23680,
                    "stored_fields_memory_in_bytes": 11136,
                    "term_vectors_memory_in_bytes": 0,
                    "norms_memory_in_bytes": 0,
                    "points_memory_in_bytes": 0,
                    "doc_values_memory_in_bytes": 33304,
                    "index_writer_memory_in_bytes": 0,
                    "version_map_memory_in_bytes": 0,
                    "fixed_bit_set_memory_in_bytes": 0,
                    "max_unsafe_auto_id_timestamp": -1,
                    "file_sizes": {}
                },
                "translog": {
                    "operations": 0,
                    "size_in_bytes": 55,
                    "uncommitted_operations": 0,
                    "uncommitted_size_in_bytes": 55,
                    "earliest_last_modified_age": 324520
                },
                "request_cache": {
                    "memory_size_in_bytes": 22204,
                    "evictions": 0,
                    "hit_count": 99,
                    "miss_count": 288
                },
                "recovery": {
                    "current_as_source": 0,
                    "current_as_target": 0,
                    "throttle_time_in_millis": 0
                }
            },
            "total": {
                "docs": {
                    "count": 2700000,
                    "deleted": 0
                },
                "store": {
                    "size_in_bytes": 536173867,
                    "reserved_in_bytes": 0
                },
                "indexing": {
                    "index_total": 2700000,
                    "index_time_in_millis": 85749,
                    "index_current": 0,
                    "index_failed": 0,
                    "delete_total": 0,
                    "delete_time_in_millis": 0,
                    "delete_current": 0,
                    "noop_update_total": 0,
                    "is_throttled": false,
                    "throttle_time_in_millis": 0
                },
                "get": {
                    "total": 0,
                    "time_in_millis": 0,
                    "exists_total": 0,
                    "exists_time_in_millis": 0,
                    "missing_total": 0,
                    "missing_time_in_millis": 0,
                    "current": 0
                },
                "search": {
                    "open_contexts": 0,
                    "query_total": 387,
                    "query_time_in_millis": 14973,
                    "query_current": 0,
                    "fetch_total": 0,
                    "fetch_time_in_millis": 0,
                    "fetch_current": 0,
                    "scroll_total": 0,
                    "scroll_time_in_millis": 0,
                    "scroll_current": 0,
                    "suggest_total": 0,
                    "suggest_time_in_millis": 0,
                    "suggest_current": 0
                },
                "merges": {
                    "current": 0,
                    "current_docs": 0,
                    "current_size_in_bytes": 0,
                    "total": 9,
                    "total_time_in_millis": 42579,
                    "total_docs": 2496400,
                    "total_size_in_bytes": 506113253,
                    "total_stopped_time_in_millis": 0,
                    "total_throttled_time_in_millis": 23141,
                    "total_auto_throttle_in_bytes": 10761705
                },
                "refresh": {
                    "total": 107,
                    "total_time_in_millis": 21877,
                    "external_total": 104,
                    "external_total_time_in_millis": 21971,
                    "listeners": 0
                },
                "flush": {
                    "total": 3,
                    "periodic": 2,
                    "total_time_in_millis": 1602
                },
                "warmer": {
                    "current": 0,
                    "total": 103,
                    "total_time_in_millis": 1
                },
                "query_cache": {
                    "memory_size_in_bytes": 0,
                    "total_count": 0,
                    "hit_count": 0,
                    "miss_count": 0,
                    "cache_size": 0,
                    "cache_count": 0,
                    "evictions": 0
                },
                "fielddata": {
                    "memory_size_in_bytes": 0,
                    "evictions": 0
                },
                "completion": {
                    "size_in_bytes": 0
                },
                "segments": {
                    "count": 20,
                    "memory_in_bytes": 68120,
                    "terms_memory_in_bytes": 23680,
                    "stored_fields_memory_in_bytes": 11136,
                    "term_vectors_memory_in_bytes": 0,
                    "norms_memory_in_bytes": 0,
                    "points_memory_in_bytes": 0,
                    "doc_values_memory_in_bytes": 33304,
                    "index_writer_memory_in_bytes": 0,
                    "version_map_memory_in_bytes": 0,
                    "fixed_bit_set_memory_in_bytes": 0,
                    "max_unsafe_auto_id_timestamp": -1,
                    "file_sizes": {}
                },
                "translog": {
                    "operations": 0,
                    "size_in_bytes": 55,
                    "uncommitted_operations": 0,
                    "uncommitted_size_in_bytes": 55,
                    "earliest_last_modified_age": 324520
                },
                "request_cache": {
                    "memory_size_in_bytes": 22204,
                    "evictions": 0,
                    "hit_count": 99,
                    "miss_count": 288
                },
                "recovery": {
                    "current_as_source": 0,
                    "current_as_target": 0,
                    "throttle_time_in_millis": 0
                }
            }
        },
        "single_client-000019": {
            "uuid": "nBt9rVIlTo-CiUsXSWIGug",
            "primaries": {
                "docs": {
                    "count": 2400000,
                    "deleted": 0
                },
                "store": {
                    "size_in_bytes": 564259414,
                    "reserved_in_bytes": 0
                },
                "indexing": {
                    "index_total": 2400000,
                    "index_time_in_millis": 95776,
                    "index_current": 0,
                    "index_failed": 0,
                    "delete_total": 0,
                    "delete_time_in_millis": 0,
                    "delete_current": 0,
                    "noop_update_total": 0,
                    "is_throttled": false,
                    "throttle_time_in_millis": 0
                },
                "get": {
                    "total": 0,
                    "time_in_millis": 0,
                    "exists_total": 0,
                    "exists_time_in_millis": 0,
                    "missing_total": 0,
                    "missing_time_in_millis": 0,
                    "current": 0
                },
                "search": {
                    "open_contexts": 0,
                    "query_total": 16,
                    "query_time_in_millis": 5,
                    "query_current": 0,
                    "fetch_total": 0,
                    "fetch_time_in_millis": 0,
                    "fetch_current": 0,
                    "scroll_total": 0,
                    "scroll_time_in_millis": 0,
                    "scroll_current": 0,
                    "suggest_total": 0,
                    "suggest_time_in_millis": 0,
                    "suggest_current": 0
                },
                "merges": {
                    "current": 0,
                    "current_docs": 0,
                    "current_size_in_bytes": 0,
                    "total": 9,
                    "total_time_in_millis": 37752,
                    "total_docs": 2183795,
                    "total_size_in_bytes": 444079932,
                    "total_stopped_time_in_millis": 0,
                    "total_throttled_time_in_millis": 16011,
                    "total_auto_throttle_in_bytes": 11837876
                },
                "refresh": {
                    "total": 108,
                    "total_time_in_millis": 24933,
                    "external_total": 106,
                    "external_total_time_in_millis": 25042,
                    "listeners": 0
                },
                "flush": {
                    "total": 2,
                    "periodic": 2,
                    "total_time_in_millis": 1723
                },
                "warmer": {
                    "current": 0,
                    "total": 105,
                    "total_time_in_millis": 1
                },
                "query_cache": {
                    "memory_size_in_bytes": 0,
                    "total_count": 0,
                    "hit_count": 0,
                    "miss_count": 0,
                    "cache_size": 0,
                    "cache_count": 0,
                    "evictions": 0
                },
                "fielddata": {
                    "memory_size_in_bytes": 0,
                    "evictions": 0
                },
                "completion": {
                    "size_in_bytes": 0
                },
                "segments": {
                    "count": 21,
                    "memory_in_bytes": 72244,
                    "terms_memory_in_bytes": 24864,
                    "stored_fields_memory_in_bytes": 11368,
                    "term_vectors_memory_in_bytes": 0,
                    "norms_memory_in_bytes": 0,
                    "points_memory_in_bytes": 0,
                    "doc_values_memory_in_bytes": 36012,
                    "index_writer_memory_in_bytes": 0,
                    "version_map_memory_in_bytes": 0,
                    "fixed_bit_set_memory_in_bytes": 0,
                    "max_unsafe_auto_id_timestamp": -1,
                    "file_sizes": {}
                },
                "translog": {
                    "operations": 400000,
                    "size_in_bytes": 220115150,
                    "uncommitted_operations": 400000,
                    "uncommitted_size_in_bytes": 220115150,
                    "earliest_last_modified_age": 172528
                },
                "request_cache": {
                    "memory_size_in_bytes": 0,
                    "evictions": 0,
                    "hit_count": 0,
                    "miss_count": 16
                },
                "recovery": {
                    "current_as_source": 0,
                    "current_as_target": 0,
                    "throttle_time_in_millis": 0
                }
            },
            "total": {
                "docs": {
                    "count": 2400000,
                    "deleted": 0
                },
                "store": {
                    "size_in_bytes": 564259414,
                    "reserved_in_bytes": 0
                },
                "indexing": {
                    "index_total": 2400000,
                    "index_time_in_millis": 95776,
                    "index_current": 0,
                    "index_failed": 0,
                    "delete_total": 0,
                    "delete_time_in_millis": 0,
                    "delete_current": 0,
                    "noop_update_total": 0,
                    "is_throttled": false,
                    "throttle_time_in_millis": 0
                },
                "get": {
                    "total": 0,
                    "time_in_millis": 0,
                    "exists_total": 0,
                    "exists_time_in_millis": 0,
                    "missing_total": 0,
                    "missing_time_in_millis": 0,
                    "current": 0
                },
                "search": {
                    "open_contexts": 0,
                    "query_total": 16,
                    "query_time_in_millis": 5,
                    "query_current": 0,
                    "fetch_total": 0,
                    "fetch_time_in_millis": 0,
                    "fetch_current": 0,
                    "scroll_total": 0,
                    "scroll_time_in_millis": 0,
                    "scroll_current": 0,
                    "suggest_total": 0,
                    "suggest_time_in_millis": 0,
                    "suggest_current": 0
                },
                "merges": {
                    "current": 0,
                    "current_docs": 0,
                    "current_size_in_bytes": 0,
                    "total": 9,
                    "total_time_in_millis": 37752,
                    "total_docs": 2183795,
                    "total_size_in_bytes": 444079932,
                    "total_stopped_time_in_millis": 0,
                    "total_throttled_time_in_millis": 16011,
                    "total_auto_throttle_in_bytes": 11837876
                },
                "refresh": {
                    "total": 108,
                    "total_time_in_millis": 24933,
                    "external_total": 106,
                    "external_total_time_in_millis": 25042,
                    "listeners": 0
                },
                "flush": {
                    "total": 2,
                    "periodic": 2,
                    "total_time_in_millis": 1723
                },
                "warmer": {
                    "current": 0,
                    "total": 105,
                    "total_time_in_millis": 1
                },
                "query_cache": {
                    "memory_size_in_bytes": 0,
                    "total_count": 0,
                    "hit_count": 0,
                    "miss_count": 0,
                    "cache_size": 0,
                    "cache_count": 0,
                    "evictions": 0
                },
                "fielddata": {
                    "memory_size_in_bytes": 0,
                    "evictions": 0
                },
                "completion": {
                    "size_in_bytes": 0
                },
                "segments": {
                    "count": 21,
                    "memory_in_bytes": 72244,
                    "terms_memory_in_bytes": 24864,
                    "stored_fields_memory_in_bytes": 11368,
                    "term_vectors_memory_in_bytes": 0,
                    "norms_memory_in_bytes": 0,
                    "points_memory_in_bytes": 0,
                    "doc_values_memory_in_bytes": 36012,
                    "index_writer_memory_in_bytes": 0,
                    "version_map_memory_in_bytes": 0,
                    "fixed_bit_set_memory_in_bytes": 0,
                    "max_unsafe_auto_id_timestamp": -1,
                    "file_sizes": {}
                },
                "translog": {
                    "operations": 400000,
                    "size_in_bytes": 220115150,
                    "uncommitted_operations": 400000,
                    "uncommitted_size_in_bytes": 220115150,
                    "earliest_last_modified_age": 172528
                },
                "request_cache": {
                    "memory_size_in_bytes": 0,
                    "evictions": 0,
                    "hit_count": 0,
                    "miss_count": 16
                },
                "recovery": {
                    "current_as_source": 0,
                    "current_as_target": 0,
                    "throttle_time_in_millis": 0
                }
            }
        },
        "single_client-000008": {
            "uuid": "FwAhAnUZS6iWesxvGu7dXQ",
            "primaries": {
                "docs": {
                    "count": 3000000,
                    "deleted": 0
                },
                "store": {
                    "size_in_bytes": 604831239,
                    "reserved_in_bytes": 0
                },
                "indexing": {
                    "index_total": 3000000,
                    "index_time_in_millis": 91130,
                    "index_current": 0,
                    "index_failed": 0,
                    "delete_total": 0,
                    "delete_time_in_millis": 0,
                    "delete_current": 0,
                    "noop_update_total": 0,
                    "is_throttled": false,
                    "throttle_time_in_millis": 0
                },
                "get": {
                    "total": 0,
                    "time_in_millis": 0,
                    "exists_total": 0,
                    "exists_time_in_millis": 0,
                    "missing_total": 0,
                    "missing_time_in_millis": 0,
                    "current": 0
                },
                "search": {
                    "open_contexts": 0,
                    "query_total": 5852,
                    "query_time_in_millis": 72512,
                    "query_current": 0,
                    "fetch_total": 0,
                    "fetch_time_in_millis": 0,
                    "fetch_current": 0,
                    "scroll_total": 0,
                    "scroll_time_in_millis": 0,
                    "scroll_current": 0,
                    "suggest_total": 0,
                    "suggest_time_in_millis": 0,
                    "suggest_current": 0
                },
                "merges": {
                    "current": 0,
                    "current_docs": 0,
                    "current_size_in_bytes": 0,
                    "total": 1,
                    "total_time_in_millis": 4976,
                    "total_docs": 349066,
                    "total_size_in_bytes": 72205118,
                    "total_stopped_time_in_millis": 0,
                    "total_throttled_time_in_millis": 2540,
                    "total_auto_throttle_in_bytes": 19065018
                },
                "refresh": {
                    "total": 31,
                    "total_time_in_millis": 6900,
                    "external_total": 28,
                    "external_total_time_in_millis": 4952,
                    "listeners": 0
                },
                "flush": {
                    "total": 4,
                    "periodic": 3,
                    "total_time_in_millis": 20967
                },
                "warmer": {
                    "current": 0,
                    "total": 27,
                    "total_time_in_millis": 0
                },
                "query_cache": {
                    "memory_size_in_bytes": 0,
                    "total_count": 0,
                    "hit_count": 0,
                    "miss_count": 0,
                    "cache_size": 0,
                    "cache_count": 0,
                    "evictions": 0
                },
                "fielddata": {
                    "memory_size_in_bytes": 0,
                    "evictions": 0
                },
                "completion": {
                    "size_in_bytes": 0
                },
                "segments": {
                    "count": 21,
                    "memory_in_bytes": 73436,
                    "terms_memory_in_bytes": 24864,
                    "stored_fields_memory_in_bytes": 11912,
                    "term_vectors_memory_in_bytes": 0,
                    "norms_memory_in_bytes": 0,
                    "points_memory_in_bytes": 0,
                    "doc_values_memory_in_bytes": 36660,
                    "index_writer_memory_in_bytes": 0,
                    "version_map_memory_in_bytes": 0,
                    "fixed_bit_set_memory_in_bytes": 0,
                    "max_unsafe_auto_id_timestamp": -1,
                    "file_sizes": {}
                },
                "translog": {
                    "operations": 0,
                    "size_in_bytes": 55,
                    "uncommitted_operations": 0,
                    "uncommitted_size_in_bytes": 55,
                    "earliest_last_modified_age": 1633009
                },
                "request_cache": {
                    "memory_size_in_bytes": 2599533,
                    "evictions": 0,
                    "hit_count": 3065,
                    "miss_count": 2787
                },
                "recovery": {
                    "current_as_source": 0,
                    "current_as_target": 0,
                    "throttle_time_in_millis": 0
                }
            },
            "total": {
                "docs": {
                    "count": 3000000,
                    "deleted": 0
                },
                "store": {
                    "size_in_bytes": 604831239,
                    "reserved_in_bytes": 0
                },
                "indexing": {
                    "index_total": 3000000,
                    "index_time_in_millis": 91130,
                    "index_current": 0,
                    "index_failed": 0,
                    "delete_total": 0,
                    "delete_time_in_millis": 0,
                    "delete_current": 0,
                    "noop_update_total": 0,
                    "is_throttled": false,
                    "throttle_time_in_millis": 0
                },
                "get": {
                    "total": 0,
                    "time_in_millis": 0,
                    "exists_total": 0,
                    "exists_time_in_millis": 0,
                    "missing_total": 0,
                    "missing_time_in_millis": 0,
                    "current": 0
                },
                "search": {
                    "open_contexts": 0,
                    "query_total": 5852,
                    "query_time_in_millis": 72512,
                    "query_current": 0,
                    "fetch_total": 0,
                    "fetch_time_in_millis": 0,
                    "fetch_current": 0,
                    "scroll_total": 0,
                    "scroll_time_in_millis": 0,
                    "scroll_current": 0,
                    "suggest_total": 0,
                    "suggest_time_in_millis": 0,
                    "suggest_current": 0
                },
                "merges": {
                    "current": 0,
                    "current_docs": 0,
                    "current_size_in_bytes": 0,
                    "total": 1,
                    "total_time_in_millis": 4976,
                    "total_docs": 349066,
                    "total_size_in_bytes": 72205118,
                    "total_stopped_time_in_millis": 0,
                    "total_throttled_time_in_millis": 2540,
                    "total_auto_throttle_in_bytes": 19065018
                },
                "refresh": {
                    "total": 31,
                    "total_time_in_millis": 6900,
                    "external_total": 28,
                    "external_total_time_in_millis": 4952,
                    "listeners": 0
                },
                "flush": {
                    "total": 4,
                    "periodic": 3,
                    "total_time_in_millis": 20967
                },
                "warmer": {
                    "current": 0,
                    "total": 27,
                    "total_time_in_millis": 0
                },
                "query_cache": {
                    "memory_size_in_bytes": 0,
                    "total_count": 0,
                    "hit_count": 0,
                    "miss_count": 0,
                    "cache_size": 0,
                    "cache_count": 0,
                    "evictions": 0
                },
                "fielddata": {
                    "memory_size_in_bytes": 0,
                    "evictions": 0
                },
                "completion": {
                    "size_in_bytes": 0
                },
                "segments": {
                    "count": 21,
                    "memory_in_bytes": 73436,
                    "terms_memory_in_bytes": 24864,
                    "stored_fields_memory_in_bytes": 11912,
                    "term_vectors_memory_in_bytes": 0,
                    "norms_memory_in_bytes": 0,
                    "points_memory_in_bytes": 0,
                    "doc_values_memory_in_bytes": 36660,
                    "index_writer_memory_in_bytes": 0,
                    "version_map_memory_in_bytes": 0,
                    "fixed_bit_set_memory_in_bytes": 0,
                    "max_unsafe_auto_id_timestamp": -1,
                    "file_sizes": {}
                },
                "translog": {
                    "operations": 0,
                    "size_in_bytes": 55,
                    "uncommitted_operations": 0,
                    "uncommitted_size_in_bytes": 55,
                    "earliest_last_modified_age": 1633009
                },
                "request_cache": {
                    "memory_size_in_bytes": 2599533,
                    "evictions": 0,
                    "hit_count": 3065,
                    "miss_count": 2787
                },
                "recovery": {
                    "current_as_source": 0,
                    "current_as_target": 0,
                    "throttle_time_in_millis": 0
                }
            }
        },
        "single_client-000018": {
            "uuid": "2JQ4TkLuRSCQ7zaePBKPZw",
            "primaries": {
                "docs": {
                    "count": 2500000,
                    "deleted": 0
                },
                "store": {
                    "size_in_bytes": 532355840,
                    "reserved_in_bytes": 0
                },
                "indexing": {
                    "index_total": 2500000,
                    "index_time_in_millis": 94145,
                    "index_current": 0,
                    "index_failed": 0,
                    "delete_total": 0,
                    "delete_time_in_millis": 0,
                    "delete_current": 0,
                    "noop_update_total": 0,
                    "is_throttled": false,
                    "throttle_time_in_millis": 0
                },
                "get": {
                    "total": 0,
                    "time_in_millis": 0,
                    "exists_total": 0,
                    "exists_time_in_millis": 0,
                    "missing_total": 0,
                    "missing_time_in_millis": 0,
                    "current": 0
                },
                "search": {
                    "open_contexts": 0,
                    "query_total": 1710,
                    "query_time_in_millis": 956,
                    "query_current": 0,
                    "fetch_total": 0,
                    "fetch_time_in_millis": 0,
                    "fetch_current": 0,
                    "scroll_total": 0,
                    "scroll_time_in_millis": 0,
                    "scroll_current": 0,
                    "suggest_total": 0,
                    "suggest_time_in_millis": 0,
                    "suggest_current": 0
                },
                "merges": {
                    "current": 0,
                    "current_docs": 0,
                    "current_size_in_bytes": 0,
                    "total": 10,
                    "total_time_in_millis": 40607,
                    "total_docs": 2388437,
                    "total_size_in_bytes": 485643996,
                    "total_stopped_time_in_millis": 0,
                    "total_throttled_time_in_millis": 16159,
                    "total_auto_throttle_in_bytes": 11837876
                },
                "refresh": {
                    "total": 111,
                    "total_time_in_millis": 25134,
                    "external_total": 109,
                    "external_total_time_in_millis": 25096,
                    "listeners": 0
                },
                "flush": {
                    "total": 1,
                    "periodic": 1,
                    "total_time_in_millis": 908
                },
                "warmer": {
                    "current": 0,
                    "total": 108,
                    "total_time_in_millis": 1
                },
                "query_cache": {
                    "memory_size_in_bytes": 0,
                    "total_count": 0,
                    "hit_count": 0,
                    "miss_count": 0,
                    "cache_size": 0,
                    "cache_count": 0,
                    "evictions": 0
                },
                "fielddata": {
                    "memory_size_in_bytes": 0,
                    "evictions": 0
                },
                "completion": {
                    "size_in_bytes": 0
                },
                "segments": {
                    "count": 18,
                    "memory_in_bytes": 63064,
                    "terms_memory_in_bytes": 21312,
                    "stored_fields_memory_in_bytes": 9872,
                    "term_vectors_memory_in_bytes": 0,
                    "norms_memory_in_bytes": 0,
                    "points_memory_in_bytes": 0,
                    "doc_values_memory_in_bytes": 31880,
                    "index_writer_memory_in_bytes": 0,
                    "version_map_memory_in_bytes": 0,
                    "fixed_bit_set_memory_in_bytes": 0,
                    "max_unsafe_auto_id_timestamp": -1,
                    "file_sizes": {}
                },
                "translog": {
                    "operations": 545178,
                    "size_in_bytes": 299999016,
                    "uncommitted_operations": 545178,
                    "uncommitted_size_in_bytes": 299999016,
                    "earliest_last_modified_age": 317287
                },
                "request_cache": {
                    "memory_size_in_bytes": 973502,
                    "evictions": 0,
                    "hit_count": 193,
                    "miss_count": 1517
                },
                "recovery": {
                    "current_as_source": 0,
                    "current_as_target": 0,
                    "throttle_time_in_millis": 0
                }
            },
            "total": {
                "docs": {
                    "count": 2500000,
                    "deleted": 0
                },
                "store": {
                    "size_in_bytes": 532355840,
                    "reserved_in_bytes": 0
                },
                "indexing": {
                    "index_total": 2500000,
                    "index_time_in_millis": 94145,
                    "index_current": 0,
                    "index_failed": 0,
                    "delete_total": 0,
                    "delete_time_in_millis": 0,
                    "delete_current": 0,
                    "noop_update_total": 0,
                    "is_throttled": false,
                    "throttle_time_in_millis": 0
                },
                "get": {
                    "total": 0,
                    "time_in_millis": 0,
                    "exists_total": 0,
                    "exists_time_in_millis": 0,
                    "missing_total": 0,
                    "missing_time_in_millis": 0,
                    "current": 0
                },
                "search": {
                    "open_contexts": 0,
                    "query_total": 1710,
                    "query_time_in_millis": 956,
                    "query_current": 0,
                    "fetch_total": 0,
                    "fetch_time_in_millis": 0,
                    "fetch_current": 0,
                    "scroll_total": 0,
                    "scroll_time_in_millis": 0,
                    "scroll_current": 0,
                    "suggest_total": 0,
                    "suggest_time_in_millis": 0,
                    "suggest_current": 0
                },
                "merges": {
                    "current": 0,
                    "current_docs": 0,
                    "current_size_in_bytes": 0,
                    "total": 10,
                    "total_time_in_millis": 40607,
                    "total_docs": 2388437,
                    "total_size_in_bytes": 485643996,
                    "total_stopped_time_in_millis": 0,
                    "total_throttled_time_in_millis": 16159,
                    "total_auto_throttle_in_bytes": 11837876
                },
                "refresh": {
                    "total": 111,
                    "total_time_in_millis": 25134,
                    "external_total": 109,
                    "external_total_time_in_millis": 25096,
                    "listeners": 0
                },
                "flush": {
                    "total": 1,
                    "periodic": 1,
                    "total_time_in_millis": 908
                },
                "warmer": {
                    "current": 0,
                    "total": 108,
                    "total_time_in_millis": 1
                },
                "query_cache": {
                    "memory_size_in_bytes": 0,
                    "total_count": 0,
                    "hit_count": 0,
                    "miss_count": 0,
                    "cache_size": 0,
                    "cache_count": 0,
                    "evictions": 0
                },
                "fielddata": {
                    "memory_size_in_bytes": 0,
                    "evictions": 0
                },
                "completion": {
                    "size_in_bytes": 0
                },
                "segments": {
                    "count": 18,
                    "memory_in_bytes": 63064,
                    "terms_memory_in_bytes": 21312,
                    "stored_fields_memory_in_bytes": 9872,
                    "term_vectors_memory_in_bytes": 0,
                    "norms_memory_in_bytes": 0,
                    "points_memory_in_bytes": 0,
                    "doc_values_memory_in_bytes": 31880,
                    "index_writer_memory_in_bytes": 0,
                    "version_map_memory_in_bytes": 0,
                    "fixed_bit_set_memory_in_bytes": 0,
                    "max_unsafe_auto_id_timestamp": -1,
                    "file_sizes": {}
                },
                "translog": {
                    "operations": 545178,
                    "size_in_bytes": 299999016,
                    "uncommitted_operations": 545178,
                    "uncommitted_size_in_bytes": 299999016,
                    "earliest_last_modified_age": 317287
                },
                "request_cache": {
                    "memory_size_in_bytes": 973502,
                    "evictions": 0,
                    "hit_count": 193,
                    "miss_count": 1517
                },
                "recovery": {
                    "current_as_source": 0,
                    "current_as_target": 0,
                    "throttle_time_in_millis": 0
                }
            }
        },
        "single_client-000007": {
            "uuid": "66f4qvT6Scmn1jMAeQZpKw",
            "primaries": {
                "docs": {
                    "count": 3000000,
                    "deleted": 0
                },
                "store": {
                    "size_in_bytes": 596660738,
                    "reserved_in_bytes": 0
                },
                "indexing": {
                    "index_total": 3000000,
                    "index_time_in_millis": 92670,
                    "index_current": 0,
                    "index_failed": 0,
                    "delete_total": 0,
                    "delete_time_in_millis": 0,
                    "delete_current": 0,
                    "noop_update_total": 0,
                    "is_throttled": false,
                    "throttle_time_in_millis": 0
                },
                "get": {
                    "total": 0,
                    "time_in_millis": 0,
                    "exists_total": 0,
                    "exists_time_in_millis": 0,
                    "missing_total": 0,
                    "missing_time_in_millis": 0,
                    "current": 0
                },
                "search": {
                    "open_contexts": 0,
                    "query_total": 5852,
                    "query_time_in_millis": 33655,
                    "query_current": 0,
                    "fetch_total": 0,
                    "fetch_time_in_millis": 0,
                    "fetch_current": 0,
                    "scroll_total": 0,
                    "scroll_time_in_millis": 0,
                    "scroll_current": 0,
                    "suggest_total": 0,
                    "suggest_time_in_millis": 0,
                    "suggest_current": 0
                },
                "merges": {
                    "current": 0,
                    "current_docs": 0,
                    "current_size_in_bytes": 0,
                    "total": 1,
                    "total_time_in_millis": 4846,
                    "total_docs": 347080,
                    "total_size_in_bytes": 69885502,
                    "total_stopped_time_in_millis": 0,
                    "total_throttled_time_in_millis": 2410,
                    "total_auto_throttle_in_bytes": 19065018
                },
                "refresh": {
                    "total": 31,
                    "total_time_in_millis": 7138,
                    "external_total": 28,
                    "external_total_time_in_millis": 5262,
                    "listeners": 0
                },
                "flush": {
                    "total": 4,
                    "periodic": 3,
                    "total_time_in_millis": 20998
                },
                "warmer": {
                    "current": 0,
                    "total": 27,
                    "total_time_in_millis": 0
                },
                "query_cache": {
                    "memory_size_in_bytes": 0,
                    "total_count": 0,
                    "hit_count": 0,
                    "miss_count": 0,
                    "cache_size": 0,
                    "cache_count": 0,
                    "evictions": 0
                },
                "fielddata": {
                    "memory_size_in_bytes": 0,
                    "evictions": 0
                },
                "completion": {
                    "size_in_bytes": 0
                },
                "segments": {
                    "count": 21,
                    "memory_in_bytes": 77164,
                    "terms_memory_in_bytes": 29120,
                    "stored_fields_memory_in_bytes": 11912,
                    "term_vectors_memory_in_bytes": 0,
                    "norms_memory_in_bytes": 0,
                    "points_memory_in_bytes": 0,
                    "doc_values_memory_in_bytes": 36132,
                    "index_writer_memory_in_bytes": 0,
                    "version_map_memory_in_bytes": 0,
                    "fixed_bit_set_memory_in_bytes": 0,
                    "max_unsafe_auto_id_timestamp": -1,
                    "file_sizes": {}
                },
                "translog": {
                    "operations": 0,
                    "size_in_bytes": 55,
                    "uncommitted_operations": 0,
                    "uncommitted_size_in_bytes": 55,
                    "earliest_last_modified_age": 1763854
                },
                "request_cache": {
                    "memory_size_in_bytes": 2581357,
                    "evictions": 0,
                    "hit_count": 3065,
                    "miss_count": 2787
                },
                "recovery": {
                    "current_as_source": 0,
                    "current_as_target": 0,
                    "throttle_time_in_millis": 0
                }
            },
            "total": {
                "docs": {
                    "count": 3000000,
                    "deleted": 0
                },
                "store": {
                    "size_in_bytes": 596660738,
                    "reserved_in_bytes": 0
                },
                "indexing": {
                    "index_total": 3000000,
                    "index_time_in_millis": 92670,
                    "index_current": 0,
                    "index_failed": 0,
                    "delete_total": 0,
                    "delete_time_in_millis": 0,
                    "delete_current": 0,
                    "noop_update_total": 0,
                    "is_throttled": false,
                    "throttle_time_in_millis": 0
                },
                "get": {
                    "total": 0,
                    "time_in_millis": 0,
                    "exists_total": 0,
                    "exists_time_in_millis": 0,
                    "missing_total": 0,
                    "missing_time_in_millis": 0,
                    "current": 0
                },
                "search": {
                    "open_contexts": 0,
                    "query_total": 5852,
                    "query_time_in_millis": 33655,
                    "query_current": 0,
                    "fetch_total": 0,
                    "fetch_time_in_millis": 0,
                    "fetch_current": 0,
                    "scroll_total": 0,
                    "scroll_time_in_millis": 0,
                    "scroll_current": 0,
                    "suggest_total": 0,
                    "suggest_time_in_millis": 0,
                    "suggest_current": 0
                },
                "merges": {
                    "current": 0,
                    "current_docs": 0,
                    "current_size_in_bytes": 0,
                    "total": 1,
                    "total_time_in_millis": 4846,
                    "total_docs": 347080,
                    "total_size_in_bytes": 69885502,
                    "total_stopped_time_in_millis": 0,
                    "total_throttled_time_in_millis": 2410,
                    "total_auto_throttle_in_bytes": 19065018
                },
                "refresh": {
                    "total": 31,
                    "total_time_in_millis": 7138,
                    "external_total": 28,
                    "external_total_time_in_millis": 5262,
                    "listeners": 0
                },
                "flush": {
                    "total": 4,
                    "periodic": 3,
                    "total_time_in_millis": 20998
                },
                "warmer": {
                    "current": 0,
                    "total": 27,
                    "total_time_in_millis": 0
                },
                "query_cache": {
                    "memory_size_in_bytes": 0,
                    "total_count": 0,
                    "hit_count": 0,
                    "miss_count": 0,
                    "cache_size": 0,
                    "cache_count": 0,
                    "evictions": 0
                },
                "fielddata": {
                    "memory_size_in_bytes": 0,
                    "evictions": 0
                },
                "completion": {
                    "size_in_bytes": 0
                },
                "segments": {
                    "count": 21,
                    "memory_in_bytes": 77164,
                    "terms_memory_in_bytes": 29120,
                    "stored_fields_memory_in_bytes": 11912,
                    "term_vectors_memory_in_bytes": 0,
                    "norms_memory_in_bytes": 0,
                    "points_memory_in_bytes": 0,
                    "doc_values_memory_in_bytes": 36132,
                    "index_writer_memory_in_bytes": 0,
                    "version_map_memory_in_bytes": 0,
                    "fixed_bit_set_memory_in_bytes": 0,
                    "max_unsafe_auto_id_timestamp": -1,
                    "file_sizes": {}
                },
                "translog": {
                    "operations": 0,
                    "size_in_bytes": 55,
                    "uncommitted_operations": 0,
                    "uncommitted_size_in_bytes": 55,
                    "earliest_last_modified_age": 1763854
                },
                "request_cache": {
                    "memory_size_in_bytes": 2581357,
                    "evictions": 0,
                    "hit_count": 3065,
                    "miss_count": 2787
                },
                "recovery": {
                    "current_as_source": 0,
                    "current_as_target": 0,
                    "throttle_time_in_millis": 0
                }
            }
        },
        "single_client-000002": {
            "uuid": "VofYUzngQNS9viJX2-2Jqw",
            "primaries": {
                "docs": {
                    "count": 3200000,
                    "deleted": 0
                },
                "store": {
                    "size_in_bytes": 643220325,
                    "reserved_in_bytes": 0
                },
                "indexing": {
                    "index_total": 3200000,
                    "index_time_in_millis": 101587,
                    "index_current": 0,
                    "index_failed": 0,
                    "delete_total": 0,
                    "delete_time_in_millis": 0,
                    "delete_current": 0,
                    "noop_update_total": 0,
                    "is_throttled": false,
                    "throttle_time_in_millis": 0
                },
                "get": {
                    "total": 0,
                    "time_in_millis": 0,
                    "exists_total": 0,
                    "exists_time_in_millis": 0,
                    "missing_total": 0,
                    "missing_time_in_millis": 0,
                    "current": 0
                },
                "search": {
                    "open_contexts": 0,
                    "query_total": 5997,
                    "query_time_in_millis": 40413,
                    "query_current": 0,
                    "fetch_total": 0,
                    "fetch_time_in_millis": 0,
                    "fetch_current": 0,
                    "scroll_total": 0,
                    "scroll_time_in_millis": 0,
                    "scroll_current": 0,
                    "suggest_total": 0,
                    "suggest_time_in_millis": 0,
                    "suggest_current": 0
                },
                "merges": {
                    "current": 0,
                    "current_docs": 0,
                    "current_size_in_bytes": 0,
                    "total": 1,
                    "total_time_in_millis": 4915,
                    "total_docs": 345094,
                    "total_size_in_bytes": 70575085,
                    "total_stopped_time_in_millis": 0,
                    "total_throttled_time_in_millis": 2630,
                    "total_auto_throttle_in_bytes": 19065018
                },
                "refresh": {
                    "total": 31,
                    "total_time_in_millis": 8274,
                    "external_total": 27,
                    "external_total_time_in_millis": 5177,
                    "listeners": 0
                },
                "flush": {
                    "total": 4,
                    "periodic": 3,
                    "total_time_in_millis": 23414
                },
                "warmer": {
                    "current": 0,
                    "total": 26,
                    "total_time_in_millis": 0
                },
                "query_cache": {
                    "memory_size_in_bytes": 0,
                    "total_count": 0,
                    "hit_count": 0,
                    "miss_count": 0,
                    "cache_size": 0,
                    "cache_count": 0,
                    "evictions": 0
                },
                "fielddata": {
                    "memory_size_in_bytes": 0,
                    "evictions": 0
                },
                "completion": {
                    "size_in_bytes": 0
                },
                "segments": {
                    "count": 22,
                    "memory_in_bytes": 73696,
                    "terms_memory_in_bytes": 30976,
                    "stored_fields_memory_in_bytes": 12528,
                    "term_vectors_memory_in_bytes": 0,
                    "norms_memory_in_bytes": 0,
                    "points_memory_in_bytes": 0,
                    "doc_values_memory_in_bytes": 30192,
                    "index_writer_memory_in_bytes": 0,
                    "version_map_memory_in_bytes": 0,
                    "fixed_bit_set_memory_in_bytes": 0,
                    "max_unsafe_auto_id_timestamp": -1,
                    "file_sizes": {}
                },
                "translog": {
                    "operations": 0,
                    "size_in_bytes": 55,
                    "uncommitted_operations": 0,
                    "uncommitted_size_in_bytes": 55,
                    "earliest_last_modified_age": 2140283
                },
                "request_cache": {
                    "memory_size_in_bytes": 2309008,
                    "evictions": 0,
                    "hit_count": 3675,
                    "miss_count": 2322
                },
                "recovery": {
                    "current_as_source": 0,
                    "current_as_target": 0,
                    "throttle_time_in_millis": 0
                }
            },
            "total": {
                "docs": {
                    "count": 3200000,
                    "deleted": 0
                },
                "store": {
                    "size_in_bytes": 643220325,
                    "reserved_in_bytes": 0
                },
                "indexing": {
                    "index_total": 3200000,
                    "index_time_in_millis": 101587,
                    "index_current": 0,
                    "index_failed": 0,
                    "delete_total": 0,
                    "delete_time_in_millis": 0,
                    "delete_current": 0,
                    "noop_update_total": 0,
                    "is_throttled": false,
                    "throttle_time_in_millis": 0
                },
                "get": {
                    "total": 0,
                    "time_in_millis": 0,
                    "exists_total": 0,
                    "exists_time_in_millis": 0,
                    "missing_total": 0,
                    "missing_time_in_millis": 0,
                    "current": 0
                },
                "search": {
                    "open_contexts": 0,
                    "query_total": 5997,
                    "query_time_in_millis": 40413,
                    "query_current": 0,
                    "fetch_total": 0,
                    "fetch_time_in_millis": 0,
                    "fetch_current": 0,
                    "scroll_total": 0,
                    "scroll_time_in_millis": 0,
                    "scroll_current": 0,
                    "suggest_total": 0,
                    "suggest_time_in_millis": 0,
                    "suggest_current": 0
                },
                "merges": {
                    "current": 0,
                    "current_docs": 0,
                    "current_size_in_bytes": 0,
                    "total": 1,
                    "total_time_in_millis": 4915,
                    "total_docs": 345094,
                    "total_size_in_bytes": 70575085,
                    "total_stopped_time_in_millis": 0,
                    "total_throttled_time_in_millis": 2630,
                    "total_auto_throttle_in_bytes": 19065018
                },
                "refresh": {
                    "total": 31,
                    "total_time_in_millis": 8274,
                    "external_total": 27,
                    "external_total_time_in_millis": 5177,
                    "listeners": 0
                },
                "flush": {
                    "total": 4,
                    "periodic": 3,
                    "total_time_in_millis": 23414
                },
                "warmer": {
                    "current": 0,
                    "total": 26,
                    "total_time_in_millis": 0
                },
                "query_cache": {
                    "memory_size_in_bytes": 0,
                    "total_count": 0,
                    "hit_count": 0,
                    "miss_count": 0,
                    "cache_size": 0,
                    "cache_count": 0,
                    "evictions": 0
                },
                "fielddata": {
                    "memory_size_in_bytes": 0,
                    "evictions": 0
                },
                "completion": {
                    "size_in_bytes": 0
                },
                "segments": {
                    "count": 22,
                    "memory_in_bytes": 73696,
                    "terms_memory_in_bytes": 30976,
                    "stored_fields_memory_in_bytes": 12528,
                    "term_vectors_memory_in_bytes": 0,
                    "norms_memory_in_bytes": 0,
                    "points_memory_in_bytes": 0,
                    "doc_values_memory_in_bytes": 30192,
                    "index_writer_memory_in_bytes": 0,
                    "version_map_memory_in_bytes": 0,
                    "fixed_bit_set_memory_in_bytes": 0,
                    "max_unsafe_auto_id_timestamp": -1,
                    "file_sizes": {}
                },
                "translog": {
                    "operations": 0,
                    "size_in_bytes": 55,
                    "uncommitted_operations": 0,
                    "uncommitted_size_in_bytes": 55,
                    "earliest_last_modified_age": 2140283
                },
                "request_cache": {
                    "memory_size_in_bytes": 2309008,
                    "evictions": 0,
                    "hit_count": 3675,
                    "miss_count": 2322
                },
                "recovery": {
                    "current_as_source": 0,
                    "current_as_target": 0,
                    "throttle_time_in_millis": 0
                }
            }
        },
        "single_client-000013": {
            "uuid": "WPzik99MQmCpwnkbTJUjPQ",
            "primaries": {
                "docs": {
                    "count": 2800000,
                    "deleted": 0
                },
                "store": {
                    "size_in_bytes": 555335497,
                    "reserved_in_bytes": 0
                },
                "indexing": {
                    "index_total": 2800000,
                    "index_time_in_millis": 85150,
                    "index_current": 0,
                    "index_failed": 0,
                    "delete_total": 0,
                    "delete_time_in_millis": 0,
                    "delete_current": 0,
                    "noop_update_total": 0,
                    "is_throttled": false,
                    "throttle_time_in_millis": 0
                },
                "get": {
                    "total": 0,
                    "time_in_millis": 0,
                    "exists_total": 0,
                    "exists_time_in_millis": 0,
                    "missing_total": 0,
                    "missing_time_in_millis": 0,
                    "current": 0
                },
                "search": {
                    "open_contexts": 0,
                    "query_total": 1963,
                    "query_time_in_millis": 87362,
                    "query_current": 0,
                    "fetch_total": 0,
                    "fetch_time_in_millis": 0,
                    "fetch_current": 0,
                    "scroll_total": 0,
                    "scroll_time_in_millis": 0,
                    "scroll_current": 0,
                    "suggest_total": 0,
                    "suggest_time_in_millis": 0,
                    "suggest_current": 0
                },
                "merges": {
                    "current": 0,
                    "current_docs": 0,
                    "current_size_in_bytes": 0,
                    "total": 1,
                    "total_time_in_millis": 4842,
                    "total_docs": 347695,
                    "total_size_in_bytes": 70776516,
                    "total_stopped_time_in_millis": 0,
                    "total_throttled_time_in_millis": 2494,
                    "total_auto_throttle_in_bytes": 19065018
                },
                "refresh": {
                    "total": 29,
                    "total_time_in_millis": 11557,
                    "external_total": 26,
                    "external_total_time_in_millis": 9694,
                    "listeners": 0
                },
                "flush": {
                    "total": 3,
                    "periodic": 2,
                    "total_time_in_millis": 13810
                },
                "warmer": {
                    "current": 0,
                    "total": 25,
                    "total_time_in_millis": 0
                },
                "query_cache": {
                    "memory_size_in_bytes": 0,
                    "total_count": 0,
                    "hit_count": 0,
                    "miss_count": 0,
                    "cache_size": 0,
                    "cache_count": 0,
                    "evictions": 0
                },
                "fielddata": {
                    "memory_size_in_bytes": 0,
                    "evictions": 0
                },
                "completion": {
                    "size_in_bytes": 0
                },
                "segments": {
                    "count": 18,
                    "memory_in_bytes": 62216,
                    "terms_memory_in_bytes": 21312,
                    "stored_fields_memory_in_bytes": 10352,
                    "term_vectors_memory_in_bytes": 0,
                    "norms_memory_in_bytes": 0,
                    "points_memory_in_bytes": 0,
                    "doc_values_memory_in_bytes": 30552,
                    "index_writer_memory_in_bytes": 0,
                    "version_map_memory_in_bytes": 0,
                    "fixed_bit_set_memory_in_bytes": 0,
                    "max_unsafe_auto_id_timestamp": -1,
                    "file_sizes": {}
                },
                "translog": {
                    "operations": 0,
                    "size_in_bytes": 55,
                    "uncommitted_operations": 0,
                    "uncommitted_size_in_bytes": 55,
                    "earliest_last_modified_age": 965203
                },
                "request_cache": {
                    "memory_size_in_bytes": 1116041,
                    "evictions": 0,
                    "hit_count": 1034,
                    "miss_count": 929
                },
                "recovery": {
                    "current_as_source": 0,
                    "current_as_target": 0,
                    "throttle_time_in_millis": 0
                }
            },
            "total": {
                "docs": {
                    "count": 2800000,
                    "deleted": 0
                },
                "store": {
                    "size_in_bytes": 555335497,
                    "reserved_in_bytes": 0
                },
                "indexing": {
                    "index_total": 2800000,
                    "index_time_in_millis": 85150,
                    "index_current": 0,
                    "index_failed": 0,
                    "delete_total": 0,
                    "delete_time_in_millis": 0,
                    "delete_current": 0,
                    "noop_update_total": 0,
                    "is_throttled": false,
                    "throttle_time_in_millis": 0
                },
                "get": {
                    "total": 0,
                    "time_in_millis": 0,
                    "exists_total": 0,
                    "exists_time_in_millis": 0,
                    "missing_total": 0,
                    "missing_time_in_millis": 0,
                    "current": 0
                },
                "search": {
                    "open_contexts": 0,
                    "query_total": 1963,
                    "query_time_in_millis": 87362,
                    "query_current": 0,
                    "fetch_total": 0,
                    "fetch_time_in_millis": 0,
                    "fetch_current": 0,
                    "scroll_total": 0,
                    "scroll_time_in_millis": 0,
                    "scroll_current": 0,
                    "suggest_total": 0,
                    "suggest_time_in_millis": 0,
                    "suggest_current": 0
                },
                "merges": {
                    "current": 0,
                    "current_docs": 0,
                    "current_size_in_bytes": 0,
                    "total": 1,
                    "total_time_in_millis": 4842,
                    "total_docs": 347695,
                    "total_size_in_bytes": 70776516,
                    "total_stopped_time_in_millis": 0,
                    "total_throttled_time_in_millis": 2494,
                    "total_auto_throttle_in_bytes": 19065018
                },
                "refresh": {
                    "total": 29,
                    "total_time_in_millis": 11557,
                    "external_total": 26,
                    "external_total_time_in_millis": 9694,
                    "listeners": 0
                },
                "flush": {
                    "total": 3,
                    "periodic": 2,
                    "total_time_in_millis": 13810
                },
                "warmer": {
                    "current": 0,
                    "total": 25,
                    "total_time_in_millis": 0
                },
                "query_cache": {
                    "memory_size_in_bytes": 0,
                    "total_count": 0,
                    "hit_count": 0,
                    "miss_count": 0,
                    "cache_size": 0,
                    "cache_count": 0,
                    "evictions": 0
                },
                "fielddata": {
                    "memory_size_in_bytes": 0,
                    "evictions": 0
                },
                "completion": {
                    "size_in_bytes": 0
                },
                "segments": {
                    "count": 18,
                    "memory_in_bytes": 62216,
                    "terms_memory_in_bytes": 21312,
                    "stored_fields_memory_in_bytes": 10352,
                    "term_vectors_memory_in_bytes": 0,
                    "norms_memory_in_bytes": 0,
                    "points_memory_in_bytes": 0,
                    "doc_values_memory_in_bytes": 30552,
                    "index_writer_memory_in_bytes": 0,
                    "version_map_memory_in_bytes": 0,
                    "fixed_bit_set_memory_in_bytes": 0,
                    "max_unsafe_auto_id_timestamp": -1,
                    "file_sizes": {}
                },
                "translog": {
                    "operations": 0,
                    "size_in_bytes": 55,
                    "uncommitted_operations": 0,
                    "uncommitted_size_in_bytes": 55,
                    "earliest_last_modified_age": 965203
                },
                "request_cache": {
                    "memory_size_in_bytes": 1116041,
                    "evictions": 0,
                    "hit_count": 1034,
                    "miss_count": 929
                },
                "recovery": {
                    "current_as_source": 0,
                    "current_as_target": 0,
                    "throttle_time_in_millis": 0
                }
            }
        },
        "single_client-000012": {
            "uuid": "xjupjceWQxCmiLVSKk_sbg",
            "primaries": {
                "docs": {
                    "count": 3400000,
                    "deleted": 0
                },
                "store": {
                    "size_in_bytes": 676392607,
                    "reserved_in_bytes": 0
                },
                "indexing": {
                    "index_total": 3400000,
                    "index_time_in_millis": 102865,
                    "index_current": 0,
                    "index_failed": 0,
                    "delete_total": 0,
                    "delete_time_in_millis": 0,
                    "delete_current": 0,
                    "noop_update_total": 0,
                    "is_throttled": false,
                    "throttle_time_in_millis": 0
                },
                "get": {
                    "total": 0,
                    "time_in_millis": 0,
                    "exists_total": 0,
                    "exists_time_in_millis": 0,
                    "missing_total": 0,
                    "missing_time_in_millis": 0,
                    "current": 0
                },
                "search": {
                    "open_contexts": 0,
                    "query_total": 1844,
                    "query_time_in_millis": 102463,
                    "query_current": 0,
                    "fetch_total": 0,
                    "fetch_time_in_millis": 0,
                    "fetch_current": 0,
                    "scroll_total": 0,
                    "scroll_time_in_millis": 0,
                    "scroll_current": 0,
                    "suggest_total": 0,
                    "suggest_time_in_millis": 0,
                    "suggest_current": 0
                },
                "merges": {
                    "current": 0,
                    "current_docs": 0,
                    "current_size_in_bytes": 0,
                    "total": 1,
                    "total_time_in_millis": 4934,
                    "total_docs": 351363,
                    "total_size_in_bytes": 71482987,
                    "total_stopped_time_in_millis": 0,
                    "total_throttled_time_in_millis": 2489,
                    "total_auto_throttle_in_bytes": 19065018
                },
                "refresh": {
                    "total": 33,
                    "total_time_in_millis": 9752,
                    "external_total": 29,
                    "external_total_time_in_millis": 6890,
                    "listeners": 0
                },
                "flush": {
                    "total": 4,
                    "periodic": 3,
                    "total_time_in_millis": 23331
                },
                "warmer": {
                    "current": 0,
                    "total": 28,
                    "total_time_in_millis": 0
                },
                "query_cache": {
                    "memory_size_in_bytes": 0,
                    "total_count": 0,
                    "hit_count": 0,
                    "miss_count": 0,
                    "cache_size": 0,
                    "cache_count": 0,
                    "evictions": 0
                },
                "fielddata": {
                    "memory_size_in_bytes": 0,
                    "evictions": 0
                },
                "completion": {
                    "size_in_bytes": 0
                },
                "segments": {
                    "count": 23,
                    "memory_in_bytes": 75940,
                    "terms_memory_in_bytes": 27232,
                    "stored_fields_memory_in_bytes": 13016,
                    "term_vectors_memory_in_bytes": 0,
                    "norms_memory_in_bytes": 0,
                    "points_memory_in_bytes": 0,
                    "doc_values_memory_in_bytes": 35692,
                    "index_writer_memory_in_bytes": 0,
                    "version_map_memory_in_bytes": 0,
                    "fixed_bit_set_memory_in_bytes": 0,
                    "max_unsafe_auto_id_timestamp": -1,
                    "file_sizes": {}
                },
                "translog": {
                    "operations": 0,
                    "size_in_bytes": 55,
                    "uncommitted_operations": 0,
                    "uncommitted_size_in_bytes": 55,
                    "earliest_last_modified_age": 1087206
                },
                "request_cache": {
                    "memory_size_in_bytes": 1036691,
                    "evictions": 0,
                    "hit_count": 1018,
                    "miss_count": 826
                },
                "recovery": {
                    "current_as_source": 0,
                    "current_as_target": 0,
                    "throttle_time_in_millis": 0
                }
            },
            "total": {
                "docs": {
                    "count": 3400000,
                    "deleted": 0
                },
                "store": {
                    "size_in_bytes": 676392607,
                    "reserved_in_bytes": 0
                },
                "indexing": {
                    "index_total": 3400000,
                    "index_time_in_millis": 102865,
                    "index_current": 0,
                    "index_failed": 0,
                    "delete_total": 0,
                    "delete_time_in_millis": 0,
                    "delete_current": 0,
                    "noop_update_total": 0,
                    "is_throttled": false,
                    "throttle_time_in_millis": 0
                },
                "get": {
                    "total": 0,
                    "time_in_millis": 0,
                    "exists_total": 0,
                    "exists_time_in_millis": 0,
                    "missing_total": 0,
                    "missing_time_in_millis": 0,
                    "current": 0
                },
                "search": {
                    "open_contexts": 0,
                    "query_total": 1844,
                    "query_time_in_millis": 102463,
                    "query_current": 0,
                    "fetch_total": 0,
                    "fetch_time_in_millis": 0,
                    "fetch_current": 0,
                    "scroll_total": 0,
                    "scroll_time_in_millis": 0,
                    "scroll_current": 0,
                    "suggest_total": 0,
                    "suggest_time_in_millis": 0,
                    "suggest_current": 0
                },
                "merges": {
                    "current": 0,
                    "current_docs": 0,
                    "current_size_in_bytes": 0,
                    "total": 1,
                    "total_time_in_millis": 4934,
                    "total_docs": 351363,
                    "total_size_in_bytes": 71482987,
                    "total_stopped_time_in_millis": 0,
                    "total_throttled_time_in_millis": 2489,
                    "total_auto_throttle_in_bytes": 19065018
                },
                "refresh": {
                    "total": 33,
                    "total_time_in_millis": 9752,
                    "external_total": 29,
                    "external_total_time_in_millis": 6890,
                    "listeners": 0
                },
                "flush": {
                    "total": 4,
                    "periodic": 3,
                    "total_time_in_millis": 23331
                },
                "warmer": {
                    "current": 0,
                    "total": 28,
                    "total_time_in_millis": 0
                },
                "query_cache": {
                    "memory_size_in_bytes": 0,
                    "total_count": 0,
                    "hit_count": 0,
                    "miss_count": 0,
                    "cache_size": 0,
                    "cache_count": 0,
                    "evictions": 0
                },
                "fielddata": {
                    "memory_size_in_bytes": 0,
                    "evictions": 0
                },
                "completion": {
                    "size_in_bytes": 0
                },
                "segments": {
                    "count": 23,
                    "memory_in_bytes": 75940,
                    "terms_memory_in_bytes": 27232,
                    "stored_fields_memory_in_bytes": 13016,
                    "term_vectors_memory_in_bytes": 0,
                    "norms_memory_in_bytes": 0,
                    "points_memory_in_bytes": 0,
                    "doc_values_memory_in_bytes": 35692,
                    "index_writer_memory_in_bytes": 0,
                    "version_map_memory_in_bytes": 0,
                    "fixed_bit_set_memory_in_bytes": 0,
                    "max_unsafe_auto_id_timestamp": -1,
                    "file_sizes": {}
                },
                "translog": {
                    "operations": 0,
                    "size_in_bytes": 55,
                    "uncommitted_operations": 0,
                    "uncommitted_size_in_bytes": 55,
                    "earliest_last_modified_age": 1087206
                },
                "request_cache": {
                    "memory_size_in_bytes": 1036691,
                    "evictions": 0,
                    "hit_count": 1018,
                    "miss_count": 826
                },
                "recovery": {
                    "current_as_source": 0,
                    "current_as_target": 0,
                    "throttle_time_in_millis": 0
                }
            }
        },
        "single_client-000001": {
            "uuid": "2clF5RhdSjKsJzyy9rZ3BQ",
            "primaries": {
                "docs": {
                    "count": 2100000,
                    "deleted": 0
                },
                "store": {
                    "size_in_bytes": 418640147,
                    "reserved_in_bytes": 0
                },
                "indexing": {
                    "index_total": 2100000,
                    "index_time_in_millis": 66693,
                    "index_current": 0,
                    "index_failed": 0,
                    "delete_total": 0,
                    "delete_time_in_millis": 0,
                    "delete_current": 0,
                    "noop_update_total": 0,
                    "is_throttled": false,
                    "throttle_time_in_millis": 0
                },
                "get": {
                    "total": 0,
                    "time_in_millis": 0,
                    "exists_total": 0,
                    "exists_time_in_millis": 0,
                    "missing_total": 0,
                    "missing_time_in_millis": 0,
                    "current": 0
                },
                "search": {
                    "open_contexts": 0,
                    "query_total": 6012,
                    "query_time_in_millis": 57248,
                    "query_current": 0,
                    "fetch_total": 12,
                    "fetch_time_in_millis": 2,
                    "fetch_current": 0,
                    "scroll_total": 0,
                    "scroll_time_in_millis": 0,
                    "scroll_current": 0,
                    "suggest_total": 0,
                    "suggest_time_in_millis": 0,
                    "suggest_current": 0
                },
                "merges": {
                    "current": 0,
                    "current_docs": 0,
                    "current_size_in_bytes": 0,
                    "total": 0,
                    "total_time_in_millis": 0,
                    "total_docs": 0,
                    "total_size_in_bytes": 0,
                    "total_stopped_time_in_millis": 0,
                    "total_throttled_time_in_millis": 0,
                    "total_auto_throttle_in_bytes": 20971520
                },
                "refresh": {
                    "total": 8,
                    "total_time_in_millis": 2585,
                    "external_total": 5,
                    "external_total_time_in_millis": 1164,
                    "listeners": 0
                },
                "flush": {
                    "total": 3,
                    "periodic": 2,
                    "total_time_in_millis": 19673
                },
                "warmer": {
                    "current": 0,
                    "total": 4,
                    "total_time_in_millis": 0
                },
                "query_cache": {
                    "memory_size_in_bytes": 0,
                    "total_count": 0,
                    "hit_count": 0,
                    "miss_count": 0,
                    "cache_size": 0,
                    "cache_count": 0,
                    "evictions": 0
                },
                "fielddata": {
                    "memory_size_in_bytes": 0,
                    "evictions": 0
                },
                "completion": {
                    "size_in_bytes": 0
                },
                "segments": {
                    "count": 5,
                    "memory_in_bytes": 15380,
                    "terms_memory_in_bytes": 7040,
                    "stored_fields_memory_in_bytes": 3464,
                    "term_vectors_memory_in_bytes": 0,
                    "norms_memory_in_bytes": 0,
                    "points_memory_in_bytes": 0,
                    "doc_values_memory_in_bytes": 4876,
                    "index_writer_memory_in_bytes": 0,
                    "version_map_memory_in_bytes": 0,
                    "fixed_bit_set_memory_in_bytes": 0,
                    "max_unsafe_auto_id_timestamp": -1,
                    "file_sizes": {}
                },
                "translog": {
                    "operations": 0,
                    "size_in_bytes": 55,
                    "uncommitted_operations": 0,
                    "uncommitted_size_in_bytes": 55,
                    "earliest_last_modified_age": 2285616
                },
                "request_cache": {
                    "memory_size_in_bytes": 1135992,
                    "evictions": 0,
                    "hit_count": 5175,
                    "miss_count": 837
                },
                "recovery": {
                    "current_as_source": 0,
                    "current_as_target": 0,
                    "throttle_time_in_millis": 0
                }
            },
            "total": {
                "docs": {
                    "count": 2100000,
                    "deleted": 0
                },
                "store": {
                    "size_in_bytes": 418640147,
                    "reserved_in_bytes": 0
                },
                "indexing": {
                    "index_total": 2100000,
                    "index_time_in_millis": 66693,
                    "index_current": 0,
                    "index_failed": 0,
                    "delete_total": 0,
                    "delete_time_in_millis": 0,
                    "delete_current": 0,
                    "noop_update_total": 0,
                    "is_throttled": false,
                    "throttle_time_in_millis": 0
                },
                "get": {
                    "total": 0,
                    "time_in_millis": 0,
                    "exists_total": 0,
                    "exists_time_in_millis": 0,
                    "missing_total": 0,
                    "missing_time_in_millis": 0,
                    "current": 0
                },
                "search": {
                    "open_contexts": 0,
                    "query_total": 6012,
                    "query_time_in_millis": 57248,
                    "query_current": 0,
                    "fetch_total": 12,
                    "fetch_time_in_millis": 2,
                    "fetch_current": 0,
                    "scroll_total": 0,
                    "scroll_time_in_millis": 0,
                    "scroll_current": 0,
                    "suggest_total": 0,
                    "suggest_time_in_millis": 0,
                    "suggest_current": 0
                },
                "merges": {
                    "current": 0,
                    "current_docs": 0,
                    "current_size_in_bytes": 0,
                    "total": 0,
                    "total_time_in_millis": 0,
                    "total_docs": 0,
                    "total_size_in_bytes": 0,
                    "total_stopped_time_in_millis": 0,
                    "total_throttled_time_in_millis": 0,
                    "total_auto_throttle_in_bytes": 20971520
                },
                "refresh": {
                    "total": 8,
                    "total_time_in_millis": 2585,
                    "external_total": 5,
                    "external_total_time_in_millis": 1164,
                    "listeners": 0
                },
                "flush": {
                    "total": 3,
                    "periodic": 2,
                    "total_time_in_millis": 19673
                },
                "warmer": {
                    "current": 0,
                    "total": 4,
                    "total_time_in_millis": 0
                },
                "query_cache": {
                    "memory_size_in_bytes": 0,
                    "total_count": 0,
                    "hit_count": 0,
                    "miss_count": 0,
                    "cache_size": 0,
                    "cache_count": 0,
                    "evictions": 0
                },
                "fielddata": {
                    "memory_size_in_bytes": 0,
                    "evictions": 0
                },
                "completion": {
                    "size_in_bytes": 0
                },
                "segments": {
                    "count": 5,
                    "memory_in_bytes": 15380,
                    "terms_memory_in_bytes": 7040,
                    "stored_fields_memory_in_bytes": 3464,
                    "term_vectors_memory_in_bytes": 0,
                    "norms_memory_in_bytes": 0,
                    "points_memory_in_bytes": 0,
                    "doc_values_memory_in_bytes": 4876,
                    "index_writer_memory_in_bytes": 0,
                    "version_map_memory_in_bytes": 0,
                    "fixed_bit_set_memory_in_bytes": 0,
                    "max_unsafe_auto_id_timestamp": -1,
                    "file_sizes": {}
                },
                "translog": {
                    "operations": 0,
                    "size_in_bytes": 55,
                    "uncommitted_operations": 0,
                    "uncommitted_size_in_bytes": 55,
                    "earliest_last_modified_age": 2285616
                },
                "request_cache": {
                    "memory_size_in_bytes": 1135992,
                    "evictions": 0,
                    "hit_count": 5175,
                    "miss_count": 837
                },
                "recovery": {
                    "current_as_source": 0,
                    "current_as_target": 0,
                    "throttle_time_in_millis": 0
                }
            }
        },
        "single_client-000004": {
            "uuid": "YM1iIOfgRjSk8HX7QaW7uw",
            "primaries": {
                "docs": {
                    "count": 2800000,
                    "deleted": 0
                },
                "store": {
                    "size_in_bytes": 555145648,
                    "reserved_in_bytes": 0
                },
                "indexing": {
                    "index_total": 2800000,
                    "index_time_in_millis": 88302,
                    "index_current": 0,
                    "index_failed": 0,
                    "delete_total": 0,
                    "delete_time_in_millis": 0,
                    "delete_current": 0,
                    "noop_update_total": 0,
                    "is_throttled": false,
                    "throttle_time_in_millis": 0
                },
                "get": {
                    "total": 0,
                    "time_in_millis": 0,
                    "exists_total": 0,
                    "exists_time_in_millis": 0,
                    "missing_total": 0,
                    "missing_time_in_millis": 0,
                    "current": 0
                },
                "search": {
                    "open_contexts": 0,
                    "query_total": 2466,
                    "query_time_in_millis": 61656,
                    "query_current": 0,
                    "fetch_total": 0,
                    "fetch_time_in_millis": 0,
                    "fetch_current": 0,
                    "scroll_total": 0,
                    "scroll_time_in_millis": 0,
                    "scroll_current": 0,
                    "suggest_total": 0,
                    "suggest_time_in_millis": 0,
                    "suggest_current": 0
                },
                "merges": {
                    "current": 0,
                    "current_docs": 0,
                    "current_size_in_bytes": 0,
                    "total": 1,
                    "total_time_in_millis": 4769,
                    "total_docs": 338699,
                    "total_size_in_bytes": 68561068,
                    "total_stopped_time_in_millis": 0,
                    "total_throttled_time_in_millis": 2381,
                    "total_auto_throttle_in_bytes": 19065018
                },
                "refresh": {
                    "total": 31,
                    "total_time_in_millis": 11672,
                    "external_total": 28,
                    "external_total_time_in_millis": 9672,
                    "listeners": 0
                },
                "flush": {
                    "total": 3,
                    "periodic": 2,
                    "total_time_in_millis": 19344
                },
                "warmer": {
                    "current": 0,
                    "total": 27,
                    "total_time_in_millis": 0
                },
                "query_cache": {
                    "memory_size_in_bytes": 0,
                    "total_count": 0,
                    "hit_count": 0,
                    "miss_count": 0,
                    "cache_size": 0,
                    "cache_count": 0,
                    "evictions": 0
                },
                "fielddata": {
                    "memory_size_in_bytes": 0,
                    "evictions": 0
                },
                "completion": {
                    "size_in_bytes": 0
                },
                "segments": {
                    "count": 21,
                    "memory_in_bytes": 74804,
                    "terms_memory_in_bytes": 29568,
                    "stored_fields_memory_in_bytes": 11912,
                    "term_vectors_memory_in_bytes": 0,
                    "norms_memory_in_bytes": 0,
                    "points_memory_in_bytes": 0,
                    "doc_values_memory_in_bytes": 33324,
                    "index_writer_memory_in_bytes": 0,
                    "version_map_memory_in_bytes": 0,
                    "fixed_bit_set_memory_in_bytes": 0,
                    "max_unsafe_auto_id_timestamp": -1,
                    "file_sizes": {}
                },
                "translog": {
                    "operations": 0,
                    "size_in_bytes": 55,
                    "uncommitted_operations": 0,
                    "uncommitted_size_in_bytes": 55,
                    "earliest_last_modified_age": 2169972
                },
                "request_cache": {
                    "memory_size_in_bytes": 1014277,
                    "evictions": 0,
                    "hit_count": 1676,
                    "miss_count": 790
                },
                "recovery": {
                    "current_as_source": 0,
                    "current_as_target": 0,
                    "throttle_time_in_millis": 0
                }
            },
            "total": {
                "docs": {
                    "count": 2800000,
                    "deleted": 0
                },
                "store": {
                    "size_in_bytes": 555145648,
                    "reserved_in_bytes": 0
                },
                "indexing": {
                    "index_total": 2800000,
                    "index_time_in_millis": 88302,
                    "index_current": 0,
                    "index_failed": 0,
                    "delete_total": 0,
                    "delete_time_in_millis": 0,
                    "delete_current": 0,
                    "noop_update_total": 0,
                    "is_throttled": false,
                    "throttle_time_in_millis": 0
                },
                "get": {
                    "total": 0,
                    "time_in_millis": 0,
                    "exists_total": 0,
                    "exists_time_in_millis": 0,
                    "missing_total": 0,
                    "missing_time_in_millis": 0,
                    "current": 0
                },
                "search": {
                    "open_contexts": 0,
                    "query_total": 2466,
                    "query_time_in_millis": 61656,
                    "query_current": 0,
                    "fetch_total": 0,
                    "fetch_time_in_millis": 0,
                    "fetch_current": 0,
                    "scroll_total": 0,
                    "scroll_time_in_millis": 0,
                    "scroll_current": 0,
                    "suggest_total": 0,
                    "suggest_time_in_millis": 0,
                    "suggest_current": 0
                },
                "merges": {
                    "current": 0,
                    "current_docs": 0,
                    "current_size_in_bytes": 0,
                    "total": 1,
                    "total_time_in_millis": 4769,
                    "total_docs": 338699,
                    "total_size_in_bytes": 68561068,
                    "total_stopped_time_in_millis": 0,
                    "total_throttled_time_in_millis": 2381,
                    "total_auto_throttle_in_bytes": 19065018
                },
                "refresh": {
                    "total": 31,
                    "total_time_in_millis": 11672,
                    "external_total": 28,
                    "external_total_time_in_millis": 9672,
                    "listeners": 0
                },
                "flush": {
                    "total": 3,
                    "periodic": 2,
                    "total_time_in_millis": 19344
                },
                "warmer": {
                    "current": 0,
                    "total": 27,
                    "total_time_in_millis": 0
                },
                "query_cache": {
                    "memory_size_in_bytes": 0,
                    "total_count": 0,
                    "hit_count": 0,
                    "miss_count": 0,
                    "cache_size": 0,
                    "cache_count": 0,
                    "evictions": 0
                },
                "fielddata": {
                    "memory_size_in_bytes": 0,
                    "evictions": 0
                },
                "completion": {
                    "size_in_bytes": 0
                },
                "segments": {
                    "count": 21,
                    "memory_in_bytes": 74804,
                    "terms_memory_in_bytes": 29568,
                    "stored_fields_memory_in_bytes": 11912,
                    "term_vectors_memory_in_bytes": 0,
                    "norms_memory_in_bytes": 0,
                    "points_memory_in_bytes": 0,
                    "doc_values_memory_in_bytes": 33324,
                    "index_writer_memory_in_bytes": 0,
                    "version_map_memory_in_bytes": 0,
                    "fixed_bit_set_memory_in_bytes": 0,
                    "max_unsafe_auto_id_timestamp": -1,
                    "file_sizes": {}
                },
                "translog": {
                    "operations": 0,
                    "size_in_bytes": 55,
                    "uncommitted_operations": 0,
                    "uncommitted_size_in_bytes": 55,
                    "earliest_last_modified_age": 2169972
                },
                "request_cache": {
                    "memory_size_in_bytes": 1014277,
                    "evictions": 0,
                    "hit_count": 1676,
                    "miss_count": 790
                },
                "recovery": {
                    "current_as_source": 0,
                    "current_as_target": 0,
                    "throttle_time_in_millis": 0
                }
            }
        },
        "single_client-000015": {
            "uuid": "xy48cWoaRYOKIvZ0sj-N1A",
            "primaries": {
                "docs": {
                    "count": 3300000,
                    "deleted": 0
                },
                "store": {
                    "size_in_bytes": 651317260,
                    "reserved_in_bytes": 0
                },
                "indexing": {
                    "index_total": 3300000,
                    "index_time_in_millis": 101038,
                    "index_current": 0,
                    "index_failed": 0,
                    "delete_total": 0,
                    "delete_time_in_millis": 0,
                    "delete_current": 0,
                    "noop_update_total": 0,
                    "is_throttled": false,
                    "throttle_time_in_millis": 0
                },
                "get": {
                    "total": 0,
                    "time_in_millis": 0,
                    "exists_total": 0,
                    "exists_time_in_millis": 0,
                    "missing_total": 0,
                    "missing_time_in_millis": 0,
                    "current": 0
                },
                "search": {
                    "open_contexts": 0,
                    "query_total": 2004,
                    "query_time_in_millis": 98243,
                    "query_current": 0,
                    "fetch_total": 0,
                    "fetch_time_in_millis": 0,
                    "fetch_current": 0,
                    "scroll_total": 0,
                    "scroll_time_in_millis": 0,
                    "scroll_current": 0,
                    "suggest_total": 0,
                    "suggest_time_in_millis": 0,
                    "suggest_current": 0
                },
                "merges": {
                    "current": 0,
                    "current_docs": 0,
                    "current_size_in_bytes": 0,
                    "total": 10,
                    "total_time_in_millis": 108161,
                    "total_docs": 5351151,
                    "total_size_in_bytes": 1076533823,
                    "total_stopped_time_in_millis": 0,
                    "total_throttled_time_in_millis": 64934,
                    "total_auto_throttle_in_bytes": 9783368
                },
                "refresh": {
                    "total": 115,
                    "total_time_in_millis": 24517,
                    "external_total": 111,
                    "external_total_time_in_millis": 24527,
                    "listeners": 0
                },
                "flush": {
                    "total": 4,
                    "periodic": 3,
                    "total_time_in_millis": 3739
                },
                "warmer": {
                    "current": 0,
                    "total": 110,
                    "total_time_in_millis": 1
                },
                "query_cache": {
                    "memory_size_in_bytes": 0,
                    "total_count": 0,
                    "hit_count": 0,
                    "miss_count": 0,
                    "cache_size": 0,
                    "cache_count": 0,
                    "evictions": 0
                },
                "fielddata": {
                    "memory_size_in_bytes": 0,
                    "evictions": 0
                },
                "completion": {
                    "size_in_bytes": 0
                },
                "segments": {
                    "count": 18,
                    "memory_in_bytes": 59576,
                    "terms_memory_in_bytes": 21312,
                    "stored_fields_memory_in_bytes": 10720,
                    "term_vectors_memory_in_bytes": 0,
                    "norms_memory_in_bytes": 0,
                    "points_memory_in_bytes": 0,
                    "doc_values_memory_in_bytes": 27544,
                    "index_writer_memory_in_bytes": 0,
                    "version_map_memory_in_bytes": 0,
                    "fixed_bit_set_memory_in_bytes": 0,
                    "max_unsafe_auto_id_timestamp": -1,
                    "file_sizes": {}
                },
                "translog": {
                    "operations": 0,
                    "size_in_bytes": 55,
                    "uncommitted_operations": 0,
                    "uncommitted_size_in_bytes": 55,
                    "earliest_last_modified_age": 379563
                },
                "request_cache": {
                    "memory_size_in_bytes": 757333,
                    "evictions": 0,
                    "hit_count": 870,
                    "miss_count": 1134
                },
                "recovery": {
                    "current_as_source": 0,
                    "current_as_target": 0,
                    "throttle_time_in_millis": 0
                }
            },
            "total": {
                "docs": {
                    "count": 3300000,
                    "deleted": 0
                },
                "store": {
                    "size_in_bytes": 651317260,
                    "reserved_in_bytes": 0
                },
                "indexing": {
                    "index_total": 3300000,
                    "index_time_in_millis": 101038,
                    "index_current": 0,
                    "index_failed": 0,
                    "delete_total": 0,
                    "delete_time_in_millis": 0,
                    "delete_current": 0,
                    "noop_update_total": 0,
                    "is_throttled": false,
                    "throttle_time_in_millis": 0
                },
                "get": {
                    "total": 0,
                    "time_in_millis": 0,
                    "exists_total": 0,
                    "exists_time_in_millis": 0,
                    "missing_total": 0,
                    "missing_time_in_millis": 0,
                    "current": 0
                },
                "search": {
                    "open_contexts": 0,
                    "query_total": 2004,
                    "query_time_in_millis": 98243,
                    "query_current": 0,
                    "fetch_total": 0,
                    "fetch_time_in_millis": 0,
                    "fetch_current": 0,
                    "scroll_total": 0,
                    "scroll_time_in_millis": 0,
                    "scroll_current": 0,
                    "suggest_total": 0,
                    "suggest_time_in_millis": 0,
                    "suggest_current": 0
                },
                "merges": {
                    "current": 0,
                    "current_docs": 0,
                    "current_size_in_bytes": 0,
                    "total": 10,
                    "total_time_in_millis": 108161,
                    "total_docs": 5351151,
                    "total_size_in_bytes": 1076533823,
                    "total_stopped_time_in_millis": 0,
                    "total_throttled_time_in_millis": 64934,
                    "total_auto_throttle_in_bytes": 9783368
                },
                "refresh": {
                    "total": 115,
                    "total_time_in_millis": 24517,
                    "external_total": 111,
                    "external_total_time_in_millis": 24527,
                    "listeners": 0
                },
                "flush": {
                    "total": 4,
                    "periodic": 3,
                    "total_time_in_millis": 3739
                },
                "warmer": {
                    "current": 0,
                    "total": 110,
                    "total_time_in_millis": 1
                },
                "query_cache": {
                    "memory_size_in_bytes": 0,
                    "total_count": 0,
                    "hit_count": 0,
                    "miss_count": 0,
                    "cache_size": 0,
                    "cache_count": 0,
                    "evictions": 0
                },
                "fielddata": {
                    "memory_size_in_bytes": 0,
                    "evictions": 0
                },
                "completion": {
                    "size_in_bytes": 0
                },
                "segments": {
                    "count": 18,
                    "memory_in_bytes": 59576,
                    "terms_memory_in_bytes": 21312,
                    "stored_fields_memory_in_bytes": 10720,
                    "term_vectors_memory_in_bytes": 0,
                    "norms_memory_in_bytes": 0,
                    "points_memory_in_bytes": 0,
                    "doc_values_memory_in_bytes": 27544,
                    "index_writer_memory_in_bytes": 0,
                    "version_map_memory_in_bytes": 0,
                    "fixed_bit_set_memory_in_bytes": 0,
                    "max_unsafe_auto_id_timestamp": -1,
                    "file_sizes": {}
                },
                "translog": {
                    "operations": 0,
                    "size_in_bytes": 55,
                    "uncommitted_operations": 0,
                    "uncommitted_size_in_bytes": 55,
                    "earliest_last_modified_age": 379563
                },
                "request_cache": {
                    "memory_size_in_bytes": 757333,
                    "evictions": 0,
                    "hit_count": 870,
                    "miss_count": 1134
                },
                "recovery": {
                    "current_as_source": 0,
                    "current_as_target": 0,
                    "throttle_time_in_millis": 0
                }
            }
        },
        "single_client-000003": {
            "uuid": "Ht3SrxvQRv-F-58faVp3ig",
            "primaries": {
                "docs": {
                    "count": 3300000,
                    "deleted": 0
                },
                "store": {
                    "size_in_bytes": 660894818,
                    "reserved_in_bytes": 0
                },
                "indexing": {
                    "index_total": 3300000,
                    "index_time_in_millis": 103090,
                    "index_current": 0,
                    "index_failed": 0,
                    "delete_total": 0,
                    "delete_time_in_millis": 0,
                    "delete_current": 0,
                    "noop_update_total": 0,
                    "is_throttled": false,
                    "throttle_time_in_millis": 0
                },
                "get": {
                    "total": 0,
                    "time_in_millis": 0,
                    "exists_total": 0,
                    "exists_time_in_millis": 0,
                    "missing_total": 0,
                    "missing_time_in_millis": 0,
                    "current": 0
                },
                "search": {
                    "open_contexts": 0,
                    "query_total": 2396,
                    "query_time_in_millis": 38204,
                    "query_current": 0,
                    "fetch_total": 0,
                    "fetch_time_in_millis": 0,
                    "fetch_current": 0,
                    "scroll_total": 0,
                    "scroll_time_in_millis": 0,
                    "scroll_current": 0,
                    "suggest_total": 0,
                    "suggest_time_in_millis": 0,
                    "suggest_current": 0
                },
                "merges": {
                    "current": 0,
                    "current_docs": 0,
                    "current_size_in_bytes": 0,
                    "total": 1,
                    "total_time_in_millis": 4841,
                    "total_docs": 344546,
                    "total_size_in_bytes": 70155129,
                    "total_stopped_time_in_millis": 0,
                    "total_throttled_time_in_millis": 2494,
                    "total_auto_throttle_in_bytes": 19065018
                },
                "refresh": {
                    "total": 29,
                    "total_time_in_millis": 8811,
                    "external_total": 25,
                    "external_total_time_in_millis": 5660,
                    "listeners": 0
                },
                "flush": {
                    "total": 4,
                    "periodic": 3,
                    "total_time_in_millis": 24024
                },
                "warmer": {
                    "current": 0,
                    "total": 24,
                    "total_time_in_millis": 0
                },
                "query_cache": {
                    "memory_size_in_bytes": 0,
                    "total_count": 0,
                    "hit_count": 0,
                    "miss_count": 0,
                    "cache_size": 0,
                    "cache_count": 0,
                    "evictions": 0
                },
                "fielddata": {
                    "memory_size_in_bytes": 0,
                    "evictions": 0
                },
                "completion": {
                    "size_in_bytes": 0
                },
                "segments": {
                    "count": 20,
                    "memory_in_bytes": 66616,
                    "terms_memory_in_bytes": 28160,
                    "stored_fields_memory_in_bytes": 11552,
                    "term_vectors_memory_in_bytes": 0,
                    "norms_memory_in_bytes": 0,
                    "points_memory_in_bytes": 0,
                    "doc_values_memory_in_bytes": 26904,
                    "index_writer_memory_in_bytes": 0,
                    "version_map_memory_in_bytes": 0,
                    "fixed_bit_set_memory_in_bytes": 0,
                    "max_unsafe_auto_id_timestamp": -1,
                    "file_sizes": {}
                },
                "translog": {
                    "operations": 0,
                    "size_in_bytes": 55,
                    "uncommitted_operations": 0,
                    "uncommitted_size_in_bytes": 55,
                    "earliest_last_modified_age": 1995278
                },
                "request_cache": {
                    "memory_size_in_bytes": 688110,
                    "evictions": 0,
                    "hit_count": 1777,
                    "miss_count": 619
                },
                "recovery": {
                    "current_as_source": 0,
                    "current_as_target": 0,
                    "throttle_time_in_millis": 0
                }
            },
            "total": {
                "docs": {
                    "count": 3300000,
                    "deleted": 0
                },
                "store": {
                    "size_in_bytes": 660894818,
                    "reserved_in_bytes": 0
                },
                "indexing": {
                    "index_total": 3300000,
                    "index_time_in_millis": 103090,
                    "index_current": 0,
                    "index_failed": 0,
                    "delete_total": 0,
                    "delete_time_in_millis": 0,
                    "delete_current": 0,
                    "noop_update_total": 0,
                    "is_throttled": false,
                    "throttle_time_in_millis": 0
                },
                "get": {
                    "total": 0,
                    "time_in_millis": 0,
                    "exists_total": 0,
                    "exists_time_in_millis": 0,
                    "missing_total": 0,
                    "missing_time_in_millis": 0,
                    "current": 0
                },
                "search": {
                    "open_contexts": 0,
                    "query_total": 2396,
                    "query_time_in_millis": 38204,
                    "query_current": 0,
                    "fetch_total": 0,
                    "fetch_time_in_millis": 0,
                    "fetch_current": 0,
                    "scroll_total": 0,
                    "scroll_time_in_millis": 0,
                    "scroll_current": 0,
                    "suggest_total": 0,
                    "suggest_time_in_millis": 0,
                    "suggest_current": 0
                },
                "merges": {
                    "current": 0,
                    "current_docs": 0,
                    "current_size_in_bytes": 0,
                    "total": 1,
                    "total_time_in_millis": 4841,
                    "total_docs": 344546,
                    "total_size_in_bytes": 70155129,
                    "total_stopped_time_in_millis": 0,
                    "total_throttled_time_in_millis": 2494,
                    "total_auto_throttle_in_bytes": 19065018
                },
                "refresh": {
                    "total": 29,
                    "total_time_in_millis": 8811,
                    "external_total": 25,
                    "external_total_time_in_millis": 5660,
                    "listeners": 0
                },
                "flush": {
                    "total": 4,
                    "periodic": 3,
                    "total_time_in_millis": 24024
                },
                "warmer": {
                    "current": 0,
                    "total": 24,
                    "total_time_in_millis": 0
                },
                "query_cache": {
                    "memory_size_in_bytes": 0,
                    "total_count": 0,
                    "hit_count": 0,
                    "miss_count": 0,
                    "cache_size": 0,
                    "cache_count": 0,
                    "evictions": 0
                },
                "fielddata": {
                    "memory_size_in_bytes": 0,
                    "evictions": 0
                },
                "completion": {
                    "size_in_bytes": 0
                },
                "segments": {
                    "count": 20,
                    "memory_in_bytes": 66616,
                    "terms_memory_in_bytes": 28160,
                    "stored_fields_memory_in_bytes": 11552,
                    "term_vectors_memory_in_bytes": 0,
                    "norms_memory_in_bytes": 0,
                    "points_memory_in_bytes": 0,
                    "doc_values_memory_in_bytes": 26904,
                    "index_writer_memory_in_bytes": 0,
                    "version_map_memory_in_bytes": 0,
                    "fixed_bit_set_memory_in_bytes": 0,
                    "max_unsafe_auto_id_timestamp": -1,
                    "file_sizes": {}
                },
                "translog": {
                    "operations": 0,
                    "size_in_bytes": 55,
                    "uncommitted_operations": 0,
                    "uncommitted_size_in_bytes": 55,
                    "earliest_last_modified_age": 1995278
                },
                "request_cache": {
                    "memory_size_in_bytes": 688110,
                    "evictions": 0,
                    "hit_count": 1777,
                    "miss_count": 619
                },
                "recovery": {
                    "current_as_source": 0,
                    "current_as_target": 0,
                    "throttle_time_in_millis": 0
                }
            }
        },
        "single_client-000014": {
            "uuid": "fkWNg9qxS_CilK0THZl0Jw",
            "primaries": {
                "docs": {
                    "count": 3200000,
                    "deleted": 0
                },
                "store": {
                    "size_in_bytes": 634313145,
                    "reserved_in_bytes": 0
                },
                "indexing": {
                    "index_total": 3200000,
                    "index_time_in_millis": 96617,
                    "index_current": 0,
                    "index_failed": 0,
                    "delete_total": 0,
                    "delete_time_in_millis": 0,
                    "delete_current": 0,
                    "noop_update_total": 0,
                    "is_throttled": false,
                    "throttle_time_in_millis": 0
                },
                "get": {
                    "total": 0,
                    "time_in_millis": 0,
                    "exists_total": 0,
                    "exists_time_in_millis": 0,
                    "missing_total": 0,
                    "missing_time_in_millis": 0,
                    "current": 0
                },
                "search": {
                    "open_contexts": 0,
                    "query_total": 1844,
                    "query_time_in_millis": 95969,
                    "query_current": 0,
                    "fetch_total": 0,
                    "fetch_time_in_millis": 0,
                    "fetch_current": 0,
                    "scroll_total": 0,
                    "scroll_time_in_millis": 0,
                    "scroll_current": 0,
                    "suggest_total": 0,
                    "suggest_time_in_millis": 0,
                    "suggest_current": 0
                },
                "merges": {
                    "current": 0,
                    "current_docs": 0,
                    "current_size_in_bytes": 0,
                    "total": 1,
                    "total_time_in_millis": 5115,
                    "total_docs": 357391,
                    "total_size_in_bytes": 72734854,
                    "total_stopped_time_in_millis": 0,
                    "total_throttled_time_in_millis": 2551,
                    "total_auto_throttle_in_bytes": 19065018
                },
                "refresh": {
                    "total": 30,
                    "total_time_in_millis": 7680,
                    "external_total": 26,
                    "external_total_time_in_millis": 4703,
                    "listeners": 0
                },
                "flush": {
                    "total": 4,
                    "periodic": 3,
                    "total_time_in_millis": 22785
                },
                "warmer": {
                    "current": 0,
                    "total": 25,
                    "total_time_in_millis": 0
                },
                "query_cache": {
                    "memory_size_in_bytes": 0,
                    "total_count": 0,
                    "hit_count": 0,
                    "miss_count": 0,
                    "cache_size": 0,
                    "cache_count": 0,
                    "evictions": 0
                },
                "fielddata": {
                    "memory_size_in_bytes": 0,
                    "evictions": 0
                },
                "completion": {
                    "size_in_bytes": 0
                },
                "segments": {
                    "count": 20,
                    "memory_in_bytes": 69000,
                    "terms_memory_in_bytes": 23680,
                    "stored_fields_memory_in_bytes": 11488,
                    "term_vectors_memory_in_bytes": 0,
                    "norms_memory_in_bytes": 0,
                    "points_memory_in_bytes": 0,
                    "doc_values_memory_in_bytes": 33832,
                    "index_writer_memory_in_bytes": 0,
                    "version_map_memory_in_bytes": 0,
                    "fixed_bit_set_memory_in_bytes": 0,
                    "max_unsafe_auto_id_timestamp": -1,
                    "file_sizes": {}
                },
                "translog": {
                    "operations": 0,
                    "size_in_bytes": 55,
                    "uncommitted_operations": 0,
                    "uncommitted_size_in_bytes": 55,
                    "earliest_last_modified_age": 524587
                },
                "request_cache": {
                    "memory_size_in_bytes": 929433,
                    "evictions": 0,
                    "hit_count": 930,
                    "miss_count": 914
                },
                "recovery": {
                    "current_as_source": 0,
                    "current_as_target": 0,
                    "throttle_time_in_millis": 0
                }
            },
            "total": {
                "docs": {
                    "count": 3200000,
                    "deleted": 0
                },
                "store": {
                    "size_in_bytes": 634313145,
                    "reserved_in_bytes": 0
                },
                "indexing": {
                    "index_total": 3200000,
                    "index_time_in_millis": 96617,
                    "index_current": 0,
                    "index_failed": 0,
                    "delete_total": 0,
                    "delete_time_in_millis": 0,
                    "delete_current": 0,
                    "noop_update_total": 0,
                    "is_throttled": false,
                    "throttle_time_in_millis": 0
                },
                "get": {
                    "total": 0,
                    "time_in_millis": 0,
                    "exists_total": 0,
                    "exists_time_in_millis": 0,
                    "missing_total": 0,
                    "missing_time_in_millis": 0,
                    "current": 0
                },
                "search": {
                    "open_contexts": 0,
                    "query_total": 1844,
                    "query_time_in_millis": 95969,
                    "query_current": 0,
                    "fetch_total": 0,
                    "fetch_time_in_millis": 0,
                    "fetch_current": 0,
                    "scroll_total": 0,
                    "scroll_time_in_millis": 0,
                    "scroll_current": 0,
                    "suggest_total": 0,
                    "suggest_time_in_millis": 0,
                    "suggest_current": 0
                },
                "merges": {
                    "current": 0,
                    "current_docs": 0,
                    "current_size_in_bytes": 0,
                    "total": 1,
                    "total_time_in_millis": 5115,
                    "total_docs": 357391,
                    "total_size_in_bytes": 72734854,
                    "total_stopped_time_in_millis": 0,
                    "total_throttled_time_in_millis": 2551,
                    "total_auto_throttle_in_bytes": 19065018
                },
                "refresh": {
                    "total": 30,
                    "total_time_in_millis": 7680,
                    "external_total": 26,
                    "external_total_time_in_millis": 4703,
                    "listeners": 0
                },
                "flush": {
                    "total": 4,
                    "periodic": 3,
                    "total_time_in_millis": 22785
                },
                "warmer": {
                    "current": 0,
                    "total": 25,
                    "total_time_in_millis": 0
                },
                "query_cache": {
                    "memory_size_in_bytes": 0,
                    "total_count": 0,
                    "hit_count": 0,
                    "miss_count": 0,
                    "cache_size": 0,
                    "cache_count": 0,
                    "evictions": 0
                },
                "fielddata": {
                    "memory_size_in_bytes": 0,
                    "evictions": 0
                },
                "completion": {
                    "size_in_bytes": 0
                },
                "segments": {
                    "count": 20,
                    "memory_in_bytes": 69000,
                    "terms_memory_in_bytes": 23680,
                    "stored_fields_memory_in_bytes": 11488,
                    "term_vectors_memory_in_bytes": 0,
                    "norms_memory_in_bytes": 0,
                    "points_memory_in_bytes": 0,
                    "doc_values_memory_in_bytes": 33832,
                    "index_writer_memory_in_bytes": 0,
                    "version_map_memory_in_bytes": 0,
                    "fixed_bit_set_memory_in_bytes": 0,
                    "max_unsafe_auto_id_timestamp": -1,
                    "file_sizes": {}
                },
                "translog": {
                    "operations": 0,
                    "size_in_bytes": 55,
                    "uncommitted_operations": 0,
                    "uncommitted_size_in_bytes": 55,
                    "earliest_last_modified_age": 524587
                },
                "request_cache": {
                    "memory_size_in_bytes": 929433,
                    "evictions": 0,
                    "hit_count": 930,
                    "miss_count": 914
                },
                "recovery": {
                    "current_as_source": 0,
                    "current_as_target": 0,
                    "throttle_time_in_millis": 0
                }
            }
        },
        "single_client-000020": {
            "uuid": "8YUShTzhSGSESpXggVIrXQ",
            "primaries": {
                "docs": {
                    "count": 2700000,
                    "deleted": 0
                },
                "store": {
                    "size_in_bytes": 606171381,
                    "reserved_in_bytes": 0
                },
                "indexing": {
                    "index_total": 2700000,
                    "index_time_in_millis": 88967,
                    "index_current": 0,
                    "index_failed": 0,
                    "delete_total": 0,
                    "delete_time_in_millis": 0,
                    "delete_current": 0,
                    "noop_update_total": 0,
                    "is_throttled": false,
                    "throttle_time_in_millis": 0
                },
                "get": {
                    "total": 0,
                    "time_in_millis": 0,
                    "exists_total": 0,
                    "exists_time_in_millis": 0,
                    "missing_total": 0,
                    "missing_time_in_millis": 0,
                    "current": 0
                },
                "search": {
                    "open_contexts": 0,
                    "query_total": 256,
                    "query_time_in_millis": 121,
                    "query_current": 0,
                    "fetch_total": 0,
                    "fetch_time_in_millis": 0,
                    "fetch_current": 0,
                    "scroll_total": 0,
                    "scroll_time_in_millis": 0,
                    "scroll_current": 0,
                    "suggest_total": 0,
                    "suggest_time_in_millis": 0,
                    "suggest_current": 0
                },
                "merges": {
                    "current": 0,
                    "current_docs": 0,
                    "current_size_in_bytes": 0,
                    "total": 9,
                    "total_time_in_millis": 42696,
                    "total_docs": 2428272,
                    "total_size_in_bytes": 494059978,
                    "total_stopped_time_in_millis": 0,
                    "total_throttled_time_in_millis": 22750,
                    "total_auto_throttle_in_bytes": 10761705
                },
                "refresh": {
                    "total": 106,
                    "total_time_in_millis": 21673,
                    "external_total": 104,
                    "external_total_time_in_millis": 21764,
                    "listeners": 0
                },
                "flush": {
                    "total": 2,
                    "periodic": 2,
                    "total_time_in_millis": 1873
                },
                "warmer": {
                    "current": 0,
                    "total": 103,
                    "total_time_in_millis": 1
                },
                "query_cache": {
                    "memory_size_in_bytes": 0,
                    "total_count": 0,
                    "hit_count": 0,
                    "miss_count": 0,
                    "cache_size": 0,
                    "cache_count": 0,
                    "evictions": 0
                },
                "fielddata": {
                    "memory_size_in_bytes": 0,
                    "evictions": 0
                },
                "completion": {
                    "size_in_bytes": 0
                },
                "segments": {
                    "count": 21,
                    "memory_in_bytes": 73428,
                    "terms_memory_in_bytes": 24864,
                    "stored_fields_memory_in_bytes": 11656,
                    "term_vectors_memory_in_bytes": 0,
                    "norms_memory_in_bytes": 0,
                    "points_memory_in_bytes": 0,
                    "doc_values_memory_in_bytes": 36908,
                    "index_writer_memory_in_bytes": 0,
                    "version_map_memory_in_bytes": 0,
                    "fixed_bit_set_memory_in_bytes": 0,
                    "max_unsafe_auto_id_timestamp": -1,
                    "file_sizes": {}
                },
                "translog": {
                    "operations": 700000,
                    "size_in_bytes": 385275407,
                    "uncommitted_operations": 700000,
                    "uncommitted_size_in_bytes": 385275407,
                    "earliest_last_modified_age": 57581
                },
                "request_cache": {
                    "memory_size_in_bytes": 207645,
                    "evictions": 0,
                    "hit_count": 4,
                    "miss_count": 252
                },
                "recovery": {
                    "current_as_source": 0,
                    "current_as_target": 0,
                    "throttle_time_in_millis": 0
                }
            },
            "total": {
                "docs": {
                    "count": 2700000,
                    "deleted": 0
                },
                "store": {
                    "size_in_bytes": 606171381,
                    "reserved_in_bytes": 0
                },
                "indexing": {
                    "index_total": 2700000,
                    "index_time_in_millis": 88967,
                    "index_current": 0,
                    "index_failed": 0,
                    "delete_total": 0,
                    "delete_time_in_millis": 0,
                    "delete_current": 0,
                    "noop_update_total": 0,
                    "is_throttled": false,
                    "throttle_time_in_millis": 0
                },
                "get": {
                    "total": 0,
                    "time_in_millis": 0,
                    "exists_total": 0,
                    "exists_time_in_millis": 0,
                    "missing_total": 0,
                    "missing_time_in_millis": 0,
                    "current": 0
                },
                "search": {
                    "open_contexts": 0,
                    "query_total": 256,
                    "query_time_in_millis": 121,
                    "query_current": 0,
                    "fetch_total": 0,
                    "fetch_time_in_millis": 0,
                    "fetch_current": 0,
                    "scroll_total": 0,
                    "scroll_time_in_millis": 0,
                    "scroll_current": 0,
                    "suggest_total": 0,
                    "suggest_time_in_millis": 0,
                    "suggest_current": 0
                },
                "merges": {
                    "current": 0,
                    "current_docs": 0,
                    "current_size_in_bytes": 0,
                    "total": 9,
                    "total_time_in_millis": 42696,
                    "total_docs": 2428272,
                    "total_size_in_bytes": 494059978,
                    "total_stopped_time_in_millis": 0,
                    "total_throttled_time_in_millis": 22750,
                    "total_auto_throttle_in_bytes": 10761705
                },
                "refresh": {
                    "total": 106,
                    "total_time_in_millis": 21673,
                    "external_total": 104,
                    "external_total_time_in_millis": 21764,
                    "listeners": 0
                },
                "flush": {
                    "total": 2,
                    "periodic": 2,
                    "total_time_in_millis": 1873
                },
                "warmer": {
                    "current": 0,
                    "total": 103,
                    "total_time_in_millis": 1
                },
                "query_cache": {
                    "memory_size_in_bytes": 0,
                    "total_count": 0,
                    "hit_count": 0,
                    "miss_count": 0,
                    "cache_size": 0,
                    "cache_count": 0,
                    "evictions": 0
                },
                "fielddata": {
                    "memory_size_in_bytes": 0,
                    "evictions": 0
                },
                "completion": {
                    "size_in_bytes": 0
                },
                "segments": {
                    "count": 21,
                    "memory_in_bytes": 73428,
                    "terms_memory_in_bytes": 24864,
                    "stored_fields_memory_in_bytes": 11656,
                    "term_vectors_memory_in_bytes": 0,
                    "norms_memory_in_bytes": 0,
                    "points_memory_in_bytes": 0,
                    "doc_values_memory_in_bytes": 36908,
                    "index_writer_memory_in_bytes": 0,
                    "version_map_memory_in_bytes": 0,
                    "fixed_bit_set_memory_in_bytes": 0,
                    "max_unsafe_auto_id_timestamp": -1,
                    "file_sizes": {}
                },
                "translog": {
                    "operations": 700000,
                    "size_in_bytes": 385275407,
                    "uncommitted_operations": 700000,
                    "uncommitted_size_in_bytes": 385275407,
                    "earliest_last_modified_age": 57581
                },
                "request_cache": {
                    "memory_size_in_bytes": 207645,
                    "evictions": 0,
                    "hit_count": 4,
                    "miss_count": 252
                },
                "recovery": {
                    "current_as_source": 0,
                    "current_as_target": 0,
                    "throttle_time_in_millis": 0
                }
            }
        },
        "single_client-000011": {
            "uuid": "ZSCxfM1hSFSjqns_MmrypQ",
            "primaries": {
                "docs": {
                    "count": 3100000,
                    "deleted": 0
                },
                "store": {
                    "size_in_bytes": 623087957,
                    "reserved_in_bytes": 0
                },
                "indexing": {
                    "index_total": 3100000,
                    "index_time_in_millis": 94078,
                    "index_current": 0,
                    "index_failed": 0,
                    "delete_total": 0,
                    "delete_time_in_millis": 0,
                    "delete_current": 0,
                    "noop_update_total": 0,
                    "is_throttled": false,
                    "throttle_time_in_millis": 0
                },
                "get": {
                    "total": 0,
                    "time_in_millis": 0,
                    "exists_total": 0,
                    "exists_time_in_millis": 0,
                    "missing_total": 0,
                    "missing_time_in_millis": 0,
                    "current": 0
                },
                "search": {
                    "open_contexts": 0,
                    "query_total": 5852,
                    "query_time_in_millis": 76867,
                    "query_current": 0,
                    "fetch_total": 0,
                    "fetch_time_in_millis": 0,
                    "fetch_current": 0,
                    "scroll_total": 0,
                    "scroll_time_in_millis": 0,
                    "scroll_current": 0,
                    "suggest_total": 0,
                    "suggest_time_in_millis": 0,
                    "suggest_current": 0
                },
                "merges": {
                    "current": 0,
                    "current_docs": 0,
                    "current_size_in_bytes": 0,
                    "total": 1,
                    "total_time_in_millis": 4891,
                    "total_docs": 349503,
                    "total_size_in_bytes": 72284413,
                    "total_stopped_time_in_millis": 0,
                    "total_throttled_time_in_millis": 2473,
                    "total_auto_throttle_in_bytes": 19065018
                },
                "refresh": {
                    "total": 30,
                    "total_time_in_millis": 6797,
                    "external_total": 26,
                    "external_total_time_in_millis": 4395,
                    "listeners": 0
                },
                "flush": {
                    "total": 4,
                    "periodic": 3,
                    "total_time_in_millis": 21560
                },
                "warmer": {
                    "current": 0,
                    "total": 25,
                    "total_time_in_millis": 0
                },
                "query_cache": {
                    "memory_size_in_bytes": 0,
                    "total_count": 0,
                    "hit_count": 0,
                    "miss_count": 0,
                    "cache_size": 0,
                    "cache_count": 0,
                    "evictions": 0
                },
                "fielddata": {
                    "memory_size_in_bytes": 0,
                    "evictions": 0
                },
                "completion": {
                    "size_in_bytes": 0
                },
                "segments": {
                    "count": 20,
                    "memory_in_bytes": 68200,
                    "terms_memory_in_bytes": 23680,
                    "stored_fields_memory_in_bytes": 11488,
                    "term_vectors_memory_in_bytes": 0,
                    "norms_memory_in_bytes": 0,
                    "points_memory_in_bytes": 0,
                    "doc_values_memory_in_bytes": 33032,
                    "index_writer_memory_in_bytes": 0,
                    "version_map_memory_in_bytes": 0,
                    "fixed_bit_set_memory_in_bytes": 0,
                    "max_unsafe_auto_id_timestamp": -1,
                    "file_sizes": {}
                },
                "translog": {
                    "operations": 0,
                    "size_in_bytes": 55,
                    "uncommitted_operations": 0,
                    "uncommitted_size_in_bytes": 55,
                    "earliest_last_modified_age": 934775
                },
                "request_cache": {
                    "memory_size_in_bytes": 2853637,
                    "evictions": 0,
                    "hit_count": 3065,
                    "miss_count": 2787
                },
                "recovery": {
                    "current_as_source": 0,
                    "current_as_target": 0,
                    "throttle_time_in_millis": 0
                }
            },
            "total": {
                "docs": {
                    "count": 3100000,
                    "deleted": 0
                },
                "store": {
                    "size_in_bytes": 623087957,
                    "reserved_in_bytes": 0
                },
                "indexing": {
                    "index_total": 3100000,
                    "index_time_in_millis": 94078,
                    "index_current": 0,
                    "index_failed": 0,
                    "delete_total": 0,
                    "delete_time_in_millis": 0,
                    "delete_current": 0,
                    "noop_update_total": 0,
                    "is_throttled": false,
                    "throttle_time_in_millis": 0
                },
                "get": {
                    "total": 0,
                    "time_in_millis": 0,
                    "exists_total": 0,
                    "exists_time_in_millis": 0,
                    "missing_total": 0,
                    "missing_time_in_millis": 0,
                    "current": 0
                },
                "search": {
                    "open_contexts": 0,
                    "query_total": 5852,
                    "query_time_in_millis": 76867,
                    "query_current": 0,
                    "fetch_total": 0,
                    "fetch_time_in_millis": 0,
                    "fetch_current": 0,
                    "scroll_total": 0,
                    "scroll_time_in_millis": 0,
                    "scroll_current": 0,
                    "suggest_total": 0,
                    "suggest_time_in_millis": 0,
                    "suggest_current": 0
                },
                "merges": {
                    "current": 0,
                    "current_docs": 0,
                    "current_size_in_bytes": 0,
                    "total": 1,
                    "total_time_in_millis": 4891,
                    "total_docs": 349503,
                    "total_size_in_bytes": 72284413,
                    "total_stopped_time_in_millis": 0,
                    "total_throttled_time_in_millis": 2473,
                    "total_auto_throttle_in_bytes": 19065018
                },
                "refresh": {
                    "total": 30,
                    "total_time_in_millis": 6797,
                    "external_total": 26,
                    "external_total_time_in_millis": 4395,
                    "listeners": 0
                },
                "flush": {
                    "total": 4,
                    "periodic": 3,
                    "total_time_in_millis": 21560
                },
                "warmer": {
                    "current": 0,
                    "total": 25,
                    "total_time_in_millis": 0
                },
                "query_cache": {
                    "memory_size_in_bytes": 0,
                    "total_count": 0,
                    "hit_count": 0,
                    "miss_count": 0,
                    "cache_size": 0,
                    "cache_count": 0,
                    "evictions": 0
                },
                "fielddata": {
                    "memory_size_in_bytes": 0,
                    "evictions": 0
                },
                "completion": {
                    "size_in_bytes": 0
                },
                "segments": {
                    "count": 20,
                    "memory_in_bytes": 68200,
                    "terms_memory_in_bytes": 23680,
                    "stored_fields_memory_in_bytes": 11488,
                    "term_vectors_memory_in_bytes": 0,
                    "norms_memory_in_bytes": 0,
                    "points_memory_in_bytes": 0,
                    "doc_values_memory_in_bytes": 33032,
                    "index_writer_memory_in_bytes": 0,
                    "version_map_memory_in_bytes": 0,
                    "fixed_bit_set_memory_in_bytes": 0,
                    "max_unsafe_auto_id_timestamp": -1,
                    "file_sizes": {}
                },
                "translog": {
                    "operations": 0,
                    "size_in_bytes": 55,
                    "uncommitted_operations": 0,
                    "uncommitted_size_in_bytes": 55,
                    "earliest_last_modified_age": 934775
                },
                "request_cache": {
                    "memory_size_in_bytes": 2853637,
                    "evictions": 0,
                    "hit_count": 3065,
                    "miss_count": 2787
                },
                "recovery": {
                    "current_as_source": 0,
                    "current_as_target": 0,
                    "throttle_time_in_millis": 0
                }
            }
        },
        "single_client-000010": {
            "uuid": "ATV7efO3Q_qydG33C8YUiQ",
            "primaries": {
                "docs": {
                    "count": 3000000,
                    "deleted": 0
                },
                "store": {
                    "size_in_bytes": 604290432,
                    "reserved_in_bytes": 0
                },
                "indexing": {
                    "index_total": 3000000,
                    "index_time_in_millis": 91332,
                    "index_current": 0,
                    "index_failed": 0,
                    "delete_total": 0,
                    "delete_time_in_millis": 0,
                    "delete_current": 0,
                    "noop_update_total": 0,
                    "is_throttled": false,
                    "throttle_time_in_millis": 0
                },
                "get": {
                    "total": 0,
                    "time_in_millis": 0,
                    "exists_total": 0,
                    "exists_time_in_millis": 0,
                    "missing_total": 0,
                    "missing_time_in_millis": 0,
                    "current": 0
                },
                "search": {
                    "open_contexts": 0,
                    "query_total": 1922,
                    "query_time_in_millis": 73412,
                    "query_current": 0,
                    "fetch_total": 0,
                    "fetch_time_in_millis": 0,
                    "fetch_current": 0,
                    "scroll_total": 0,
                    "scroll_time_in_millis": 0,
                    "scroll_current": 0,
                    "suggest_total": 0,
                    "suggest_time_in_millis": 0,
                    "suggest_current": 0
                },
                "merges": {
                    "current": 0,
                    "current_docs": 0,
                    "current_size_in_bytes": 0,
                    "total": 1,
                    "total_time_in_millis": 4859,
                    "total_docs": 348234,
                    "total_size_in_bytes": 71897068,
                    "total_stopped_time_in_millis": 0,
                    "total_throttled_time_in_millis": 2504,
                    "total_auto_throttle_in_bytes": 19065018
                },
                "refresh": {
                    "total": 27,
                    "total_time_in_millis": 6213,
                    "external_total": 24,
                    "external_total_time_in_millis": 4330,
                    "listeners": 0
                },
                "flush": {
                    "total": 4,
                    "periodic": 3,
                    "total_time_in_millis": 21597
                },
                "warmer": {
                    "current": 0,
                    "total": 23,
                    "total_time_in_millis": 0
                },
                "query_cache": {
                    "memory_size_in_bytes": 0,
                    "total_count": 0,
                    "hit_count": 0,
                    "miss_count": 0,
                    "cache_size": 0,
                    "cache_count": 0,
                    "evictions": 0
                },
                "fielddata": {
                    "memory_size_in_bytes": 0,
                    "evictions": 0
                },
                "completion": {
                    "size_in_bytes": 0
                },
                "segments": {
                    "count": 17,
                    "memory_in_bytes": 61812,
                    "terms_memory_in_bytes": 20128,
                    "stored_fields_memory_in_bytes": 9912,
                    "term_vectors_memory_in_bytes": 0,
                    "norms_memory_in_bytes": 0,
                    "points_memory_in_bytes": 0,
                    "doc_values_memory_in_bytes": 31772,
                    "index_writer_memory_in_bytes": 0,
                    "version_map_memory_in_bytes": 0,
                    "fixed_bit_set_memory_in_bytes": 0,
                    "max_unsafe_auto_id_timestamp": -1,
                    "file_sizes": {}
                },
                "translog": {
                    "operations": 0,
                    "size_in_bytes": 55,
                    "uncommitted_operations": 0,
                    "uncommitted_size_in_bytes": 55,
                    "earliest_last_modified_age": 1371307
                },
                "request_cache": {
                    "memory_size_in_bytes": 858830,
                    "evictions": 0,
                    "hit_count": 1191,
                    "miss_count": 731
                },
                "recovery": {
                    "current_as_source": 0,
                    "current_as_target": 0,
                    "throttle_time_in_millis": 0
                }
            },
            "total": {
                "docs": {
                    "count": 3000000,
                    "deleted": 0
                },
                "store": {
                    "size_in_bytes": 604290432,
                    "reserved_in_bytes": 0
                },
                "indexing": {
                    "index_total": 3000000,
                    "index_time_in_millis": 91332,
                    "index_current": 0,
                    "index_failed": 0,
                    "delete_total": 0,
                    "delete_time_in_millis": 0,
                    "delete_current": 0,
                    "noop_update_total": 0,
                    "is_throttled": false,
                    "throttle_time_in_millis": 0
                },
                "get": {
                    "total": 0,
                    "time_in_millis": 0,
                    "exists_total": 0,
                    "exists_time_in_millis": 0,
                    "missing_total": 0,
                    "missing_time_in_millis": 0,
                    "current": 0
                },
                "search": {
                    "open_contexts": 0,
                    "query_total": 1922,
                    "query_time_in_millis": 73412,
                    "query_current": 0,
                    "fetch_total": 0,
                    "fetch_time_in_millis": 0,
                    "fetch_current": 0,
                    "scroll_total": 0,
                    "scroll_time_in_millis": 0,
                    "scroll_current": 0,
                    "suggest_total": 0,
                    "suggest_time_in_millis": 0,
                    "suggest_current": 0
                },
                "merges": {
                    "current": 0,
                    "current_docs": 0,
                    "current_size_in_bytes": 0,
                    "total": 1,
                    "total_time_in_millis": 4859,
                    "total_docs": 348234,
                    "total_size_in_bytes": 71897068,
                    "total_stopped_time_in_millis": 0,
                    "total_throttled_time_in_millis": 2504,
                    "total_auto_throttle_in_bytes": 19065018
                },
                "refresh": {
                    "total": 27,
                    "total_time_in_millis": 6213,
                    "external_total": 24,
                    "external_total_time_in_millis": 4330,
                    "listeners": 0
                },
                "flush": {
                    "total": 4,
                    "periodic": 3,
                    "total_time_in_millis": 21597
                },
                "warmer": {
                    "current": 0,
                    "total": 23,
                    "total_time_in_millis": 0
                },
                "query_cache": {
                    "memory_size_in_bytes": 0,
                    "total_count": 0,
                    "hit_count": 0,
                    "miss_count": 0,
                    "cache_size": 0,
                    "cache_count": 0,
                    "evictions": 0
                },
                "fielddata": {
                    "memory_size_in_bytes": 0,
                    "evictions": 0
                },
                "completion": {
                    "size_in_bytes": 0
                },
                "segments": {
                    "count": 17,
                    "memory_in_bytes": 61812,
                    "terms_memory_in_bytes": 20128,
                    "stored_fields_memory_in_bytes": 9912,
                    "term_vectors_memory_in_bytes": 0,
                    "norms_memory_in_bytes": 0,
                    "points_memory_in_bytes": 0,
                    "doc_values_memory_in_bytes": 31772,
                    "index_writer_memory_in_bytes": 0,
                    "version_map_memory_in_bytes": 0,
                    "fixed_bit_set_memory_in_bytes": 0,
                    "max_unsafe_auto_id_timestamp": -1,
                    "file_sizes": {}
                },
                "translog": {
                    "operations": 0,
                    "size_in_bytes": 55,
                    "uncommitted_operations": 0,
                    "uncommitted_size_in_bytes": 55,
                    "earliest_last_modified_age": 1371307
                },
                "request_cache": {
                    "memory_size_in_bytes": 858830,
                    "evictions": 0,
                    "hit_count": 1191,
                    "miss_count": 731
                },
                "recovery": {
                    "current_as_source": 0,
                    "current_as_target": 0,
                    "throttle_time_in_millis": 0
                }
            }
        },
        "single_client-000021": {
            "uuid": "9UTHHkTAShinJ0HPrZHuCA",
            "primaries": {
                "docs": {
                    "count": 763813,
                    "deleted": 0
                },
                "store": {
                    "size_in_bytes": 144179767,
                    "reserved_in_bytes": 0
                },
                "indexing": {
                    "index_total": 800000,
                    "index_time_in_millis": 24033,
                    "index_current": 0,
                    "index_failed": 0,
                    "delete_total": 0,
                    "delete_time_in_millis": 0,
                    "delete_current": 0,
                    "noop_update_total": 0,
                    "is_throttled": false,
                    "throttle_time_in_millis": 0
                },
                "get": {
                    "total": 0,
                    "time_in_millis": 0,
                    "exists_total": 0,
                    "exists_time_in_millis": 0,
                    "missing_total": 0,
                    "missing_time_in_millis": 0,
                    "current": 0
                },
                "search": {
                    "open_contexts": 0,
                    "query_total": 76,
                    "query_time_in_millis": 14,
                    "query_current": 0,
                    "fetch_total": 0,
                    "fetch_time_in_millis": 0,
                    "fetch_current": 0,
                    "scroll_total": 0,
                    "scroll_time_in_millis": 0,
                    "scroll_current": 0,
                    "suggest_total": 0,
                    "suggest_time_in_millis": 0,
                    "suggest_current": 0
                },
                "merges": {
                    "current": 1,
                    "current_docs": 339478,
                    "current_size_in_bytes": 70064847,
                    "total": 1,
                    "total_time_in_millis": 5130,
                    "total_docs": 353542,
                    "total_size_in_bytes": 72927280,
                    "total_stopped_time_in_millis": 0,
                    "total_throttled_time_in_millis": 2551,
                    "total_auto_throttle_in_bytes": 17331834
                },
                "refresh": {
                    "total": 29,
                    "total_time_in_millis": 5629,
                    "external_total": 29,
                    "external_total_time_in_millis": 5642,
                    "listeners": 0
                },
                "flush": {
                    "total": 0,
                    "periodic": 0,
                    "total_time_in_millis": 0
                },
                "warmer": {
                    "current": 0,
                    "total": 28,
                    "total_time_in_millis": 0
                },
                "query_cache": {
                    "memory_size_in_bytes": 0,
                    "total_count": 0,
                    "hit_count": 0,
                    "miss_count": 0,
                    "cache_size": 0,
                    "cache_count": 0,
                    "evictions": 0
                },
                "fielddata": {
                    "memory_size_in_bytes": 0,
                    "evictions": 0
                },
                "completion": {
                    "size_in_bytes": 0
                },
                "segments": {
                    "count": 18,
                    "memory_in_bytes": 65792,
                    "terms_memory_in_bytes": 21312,
                    "stored_fields_memory_in_bytes": 9520,
                    "term_vectors_memory_in_bytes": 0,
                    "norms_memory_in_bytes": 0,
                    "points_memory_in_bytes": 0,
                    "doc_values_memory_in_bytes": 34960,
                    "index_writer_memory_in_bytes": 10172216,
                    "version_map_memory_in_bytes": 0,
                    "fixed_bit_set_memory_in_bytes": 0,
                    "max_unsafe_auto_id_timestamp": -1,
                    "file_sizes": {}
                },
                "translog": {
                    "operations": 800000,
                    "size_in_bytes": 440338412,
                    "uncommitted_operations": 800000,
                    "uncommitted_size_in_bytes": 440338412,
                    "earliest_last_modified_age": 26399
                },
                "request_cache": {
                    "memory_size_in_bytes": 65508,
                    "evictions": 0,
                    "hit_count": 0,
                    "miss_count": 76
                },
                "recovery": {
                    "current_as_source": 0,
                    "current_as_target": 0,
                    "throttle_time_in_millis": 0
                }
            },
            "total": {
                "docs": {
                    "count": 763813,
                    "deleted": 0
                },
                "store": {
                    "size_in_bytes": 144179767,
                    "reserved_in_bytes": 0
                },
                "indexing": {
                    "index_total": 800000,
                    "index_time_in_millis": 24033,
                    "index_current": 0,
                    "index_failed": 0,
                    "delete_total": 0,
                    "delete_time_in_millis": 0,
                    "delete_current": 0,
                    "noop_update_total": 0,
                    "is_throttled": false,
                    "throttle_time_in_millis": 0
                },
                "get": {
                    "total": 0,
                    "time_in_millis": 0,
                    "exists_total": 0,
                    "exists_time_in_millis": 0,
                    "missing_total": 0,
                    "missing_time_in_millis": 0,
                    "current": 0
                },
                "search": {
                    "open_contexts": 0,
                    "query_total": 76,
                    "query_time_in_millis": 14,
                    "query_current": 0,
                    "fetch_total": 0,
                    "fetch_time_in_millis": 0,
                    "fetch_current": 0,
                    "scroll_total": 0,
                    "scroll_time_in_millis": 0,
                    "scroll_current": 0,
                    "suggest_total": 0,
                    "suggest_time_in_millis": 0,
                    "suggest_current": 0
                },
                "merges": {
                    "current": 1,
                    "current_docs": 339478,
                    "current_size_in_bytes": 70064847,
                    "total": 1,
                    "total_time_in_millis": 5130,
                    "total_docs": 353542,
                    "total_size_in_bytes": 72927280,
                    "total_stopped_time_in_millis": 0,
                    "total_throttled_time_in_millis": 2551,
                    "total_auto_throttle_in_bytes": 17331834
                },
                "refresh": {
                    "total": 29,
                    "total_time_in_millis": 5629,
                    "external_total": 29,
                    "external_total_time_in_millis": 5642,
                    "listeners": 0
                },
                "flush": {
                    "total": 0,
                    "periodic": 0,
                    "total_time_in_millis": 0
                },
                "warmer": {
                    "current": 0,
                    "total": 28,
                    "total_time_in_millis": 0
                },
                "query_cache": {
                    "memory_size_in_bytes": 0,
                    "total_count": 0,
                    "hit_count": 0,
                    "miss_count": 0,
                    "cache_size": 0,
                    "cache_count": 0,
                    "evictions": 0
                },
                "fielddata": {
                    "memory_size_in_bytes": 0,
                    "evictions": 0
                },
                "completion": {
                    "size_in_bytes": 0
                },
                "segments": {
                    "count": 18,
                    "memory_in_bytes": 65792,
                    "terms_memory_in_bytes": 21312,
                    "stored_fields_memory_in_bytes": 9520,
                    "term_vectors_memory_in_bytes": 0,
                    "norms_memory_in_bytes": 0,
                    "points_memory_in_bytes": 0,
                    "doc_values_memory_in_bytes": 34960,
                    "index_writer_memory_in_bytes": 10172216,
                    "version_map_memory_in_bytes": 0,
                    "fixed_bit_set_memory_in_bytes": 0,
                    "max_unsafe_auto_id_timestamp": -1,
                    "file_sizes": {}
                },
                "translog": {
                    "operations": 800000,
                    "size_in_bytes": 440338412,
                    "uncommitted_operations": 800000,
                    "uncommitted_size_in_bytes": 440338412,
                    "earliest_last_modified_age": 26399
                },
                "request_cache": {
                    "memory_size_in_bytes": 65508,
                    "evictions": 0,
                    "hit_count": 0,
                    "miss_count": 76
                },
                "recovery": {
                    "current_as_source": 0,
                    "current_as_target": 0,
                    "throttle_time_in_millis": 0
                }
            }
        }
    }
} 
